input_data/wasim/wasim_run1/input/alm.exp
ncols	135
nrows	130
xllcorner	22597.5
yllcorner	185062.5
cellsize	100
nodata_value	-9999
[rows 0 to 30 of 130, columns 0 to 69 of 135]
229.858 236.934 242.922 245.954 229.826 204.974 181.09 169.837 166.283 168.292 174.301 185.236 197.394 211.964 232.878 244.973 265.791 278.942 301.085 310.687 310.532 301.933 294.276 290.405 290.073 259.313 210.241 151.04 120.638 117.339 130.731 149.001 153.553 156.287 163.944 174.356 177.916 171.66 165.742 157.75 148.676 145.866 146.047 142.793 139.099 137.766 140.578 140.941 139.667 134.731 125.139 169.101 228.752 297.876 318.272 330.6 339.899 342.096 336.004 331.997 337.761 346.555 348.351 347.126 347.023 348.076 272.152 188.113 109.548 107.308
236.565 229.858 251.085 253.813 235.994 183.546 170.531 165.311 162.416 167.568 176.899 184.443 205.303 214.593 230.567 274.386 242.061 301.746 306.17 317.481 318.011 295.95 283.24 295.982 288.123 285.78 173.278 122.593 98.0462 110.874 139.8 154.912 170.561 139.738 161.296 198.455 173.728 165.125 169.872 156.31 139.076 141.569 154.141 142.612 128.373 142.615 140.979 140.952 141.255 135.521 122.481 107.822 320.962 317.124 324.667 333.421 346.04 349.535 332.908 319.478 339.597 359.971 348.888 337.989 353.274 349.704 342.304 48.5237 89.4734 112.082
238.525 249.608 252.986 232.103 198.628 172.106 167.782 166.144 166.197 174.562 182.983 198.98 215.607 228.627 246.541 235.343 242.719 261.21 214.962 225.231 225.22 227.58 241.606 261.811 250.397 232.701 152.607 144.281 120.478 110.298 152.345 205.76 154.299 124.336 125.267 184.198 178.752 172.034 159.572 160.355 139.643 138.533 159.717 157.945 122.783 125.224 131.211 133.11 136.786 129.085 103.778 353.477 310.342 303.908 318.479 328.153 335.697 341.271 339.617 333.809 328.014 345.04 357.575 341.271 338.811 352.023 46.8292 107.614 101.795 97.4832
241.793 238.07 231.957 211.29 187.828 169.525 165.438 170.999 180.305 194.79 216.336 231.582 234.738 252.503 243.369 219.449 241.701 212.487 205.672 211.869 219.152 239.608 256.867 254.086 245.17 216.155 133.783 131.353 130.664 92.6674 92.6164 210.249 182.089 127.93 89.0348 137.085 139.817 155.014 159.119 138.702 145.339 145.945 160.53 169.557 142.729 126.108 127.856 129.271 117.864 61.2394 10.1274 345.61 326.048 308.467 314.351 326.231 329.391 328.292 326.687 346.362 348.244 343.859 0.0156139 349.919 337.377 53.3304 106.923 108.888 106.42 97.9491
235.408 240.967 220.212 197.024 177.898 171.475 173.946 187.331 224.424 257.925 296.663 302.135 307.397 310.904 312.845 296.516 282.35 239.425 255.625 259.762 278.784 280.176 276.805 262.406 277.222 244.722 107.326 104.024 129.294 102.183 77.3255 80.6329 168.35 140.359 119.361 102.002 113.833 113.946 127.063 99.4688 97.4355 116.771 153.003 150.251 146.314 135.456 130.498 114.876 350.509 0.708724 352.641 336.382 330.427 321.421 324.793 333.869 327.783 333.196 327.593 320.429 329.903 347.948 21.8125 357.807 27.5359 87.2482 94.6805 93.4461 83.5153 84.2654
223.041 220.801 198.58 188.613 184.722 188.396 219.073 259.867 275.885 293.975 316.556 327.727 329.395 325.109 338.747 340.07 338.053 299.658 292.413 300.869 303.581 297.342 296.61 285.945 302.937 340.779 72.1028 89.6008 110.687 135.103 98.1262 82.8874 117.245 135.822 99.7656 87.0386 117.915 104.013 120.702 93.8328 61.5342 79.3465 103.309 130.872 124.029 111.675 98.3229 330.92 339.622 349.594 340.399 334.689 331.392 324.041 323.873 343.093 337.7 319.731 321.317 296.43 171.318 200.015 231.551 315.64 96.9821 71.9575 73.1555 64.0876 65.3506 67.7733
208.457 194.988 192.813 189.693 214.592 261.206 277.566 294.481 306.998 310.255 321.455 323.02 325.928 322.157 346.846 18.671 346.138 309.952 301.312 308.822 306.864 296.648 305.055 302.7 301.08 356.768 89.9614 81.5517 79.2614 108.947 109.081 98.0135 134.196 145.711 160.198 108.199 130.29 158.4 152.164 142.861 113.577 101.06 100.027 120.554 112.532 69.7682 27.9153 331.701 312.032 342.916 335.995 325.613 317.279 327.047 330.948 350.875 347.781 333.444 148.761 156.002 171.842 191.952 201.135 197.055 178.545 104.993 73.6706 63.5613 63.9942 67.0863
216.674 194.998 241.232 260.456 288.837 295.907 291.995 306.198 310.752 314.618 327.487 338.796 320.577 321.304 356.07 34.7873 2.07472 308.301 293.743 308.868 298.374 282.303 298.825 313.201 319.229 95.1003 83.1375 61.7238 55.0499 44.3163 42.1953 108.884 132.602 175.79 172.756 138.241 123.644 149.123 166.577 160.894 148.457 127.181 119.267 97.1987 64.2343 51.2615 6.99493 338.863 310.772 315.008 317.884 318.612 311.69 305.618 323.934 353.559 2.6046 83.4682 115.294 143.223 166.288 179.256 199.445 197.903 188.416 171.612 134.058 113.806 99.0829 84.7923
233.396 268.255 289.224 287.541 288.849 290.472 305.368 302.89 310.08 314.64 316.924 340.461 335.39 318.829 5.03529 40.5172 10.2829 322.482 290.387 309.33 327.208 291.189 281.726 285.42 356.022 61.56 66.2903 72.6881 67.0176 70.7224 79.3327 94.9347 100.594 161.759 172.158 150.817 129.815 130.364 142.431 149.685 148.638 124.989 108.223 22.0464 35.2367 12.0377 344.895 339.508 330.749 325.662 321.469 293.994 293.379 270.925 285.316 267.911 46.9717 97.6624 86.2158 73.3417 140.657 143.969 165.015 170.626 174.415 175.075 160.645 143.153 137.926 120.436
250.283 253.658 271.997 298.559 303.742 295.893 307.683 309.282 299.927 302.717 309.552 323.951 340.548 326.813 35.0378 50.3512 23.1298 337.948 298.419 309.612 318.472 290.734 271.651 274.563 298.035 75.3544 93.7216 117.908 124.9 120.364 92.0767 70.3334 96.3417 127.46 169.22 147.425 106.241 99.7194 112.152 122.607 94.0009 30.6094 20.4526 11.2685 16.7737 342.73 327.95 342.55 328.292 328.352 345.34 331.616 294.444 293.879 296.616 287.651 46.4411 67.0368 57.2785 67.3889 107.725 130.941 149.372 188.715 145.81 145.44 154.613 133.461 120.426 131.416
249.481 245.823 256.68 271.708 305.988 309.203 301.092 307.487 308.379 295.585 298.816 302.178 326.577 0.908393 67.4698 51.5086 3.71106 328.596 305.134 311.69 7.37099 280.112 273.463 279.709 243.009 112.693 95.1167 106.196 120.313 116.936 67.0121 76.8504 77.7431 77.1502 324.954 280.255 65.3535 66.2841 79.4273 75.1377 0.805382 13.739 8.79577 5.88381 356.584 337.665 315.24 328.59 316.447 301.032 340.135 351.542 313.599 313.403 343.552 332.638 11.3731 52.4752 56.702 69.8601 79.1348 104.868 115.636 165.018 148.813 134.96 147.926 131.374 100.349 100.318
247.972 248.162 245.926 252.814 265.311 264.968 257.504 274.817 276.282 288.479 289.002 279.896 288.003 4.20807 58.5909 25.4021 351.615 335.036 319.108 305.708 357.351 290.718 278.743 268.943 182.298 96.5962 94.5308 78.1239 58.8442 34.852 35.7972 76.0331 59.0084 48.88 26.9755 56.3707 50.3288 75.7077 65.2025 37.1624 341.491 338.021 358.131 347.432 349.047 353.995 327.568 324.042 315.717 269.725 291.98 336.941 335.34 310.283 328.189 325.365 182.845 89.5565 68.7478 65.4016 67.2148 78.9386 96.6638 119.445 138.194 114.548 138.748 148.845 119.207 85.495
251.012 248.424 248.629 253.581 235.656 230.295 240.059 244.405 244.051 257.859 238.941 253.05 264.94 281.568 32.6947 12.3475 342.153 321.532 325.764 19.4342 2.5591 308.991 298.485 287.893 200.422 79.0981 60.768 41.2663 28.1772 19.0601 32.4917 45.1177 37.8766 52.0746 43.3815 18.8589 26.463 57.0265 43.9708 16.5811 350.881 336.084 345.233 356.558 355.282 335.229 327.908 349.562 352.731 286.237 274.779 271.67 298.192 210.986 160.654 142.659 159.397 175.606 122.955 84.3291 65.3651 58.477 59.6028 56.5048 90.3634 78.034 65.9787 85.0127 112.481 68.41
261.027 259.492 254.021 248.131 246.947 266.777 261.774 241.366 252.199 223.018 236.504 256.821 259.301 262.935 359.973 22.6272 7.93533 342.212 323.528 355.181 348.373 326.227 291.04 251.298 168.952 162.646 95.3145 56.1269 20.9201 18.5293 24.6114 33.1167 66.3062 74.6031 50.099 26.0102 30.32 31.0253 15.7618 1.20983 352.808 346.722 352 6.29182 343.143 320.525 316.429 351.408 17.3002 335.196 294.35 245.754 195.236 177.619 173.031 164.126 160.56 179.567 177.602 156.719 126.404 72.2714 41.5844 41.1022 41.4538 30.3281 29.0932 31.1223 26.1956 27.0522
278.149 285.178 260.767 250.864 275.796 274.983 246.038 235.101 216.835 238.543 272.682 278.612 283.342 280.088 300.048 12.305 6.94684 350.967 1.79706 308.777 300.481 353.002 159.83 175.163 162.446 170.036 187.31 216.649 239.752 30.446 46.4298 71.8084 90.826 75.8639 32.5437 343.785 4.97261 7.4612 9.15051 4.83989 356.246 359.741 17.624 9.128 329.506 313.028 311.941 337.162 12.556 353.44 341.43 112.852 153.533 175.048 173.211 157.829 163.564 174.552 172.196 162.052 175.003 208.438 128.182 61.864 29.9051 15.0924 3.2614 11.6242 23.7098 52.9093
290.289 306.9 291.958 267.252 256.592 212.959 199.93 248.967 254.929 280.225 278.471 282.028 282.935 275.754 268.445 349.468 7.112 8.95288 93.9553 150.982 191.801 162.351 161.974 174.153 168.804 171.322 191.551 210.74 211.063 216.193 108.483 61.5105 69.7677 42.6791 19.7769 24.8418 336.983 341.667 354.135 358.462 8.16027 45.4638 42.1589 1.46162 322.36 310.639 310.28 327.808 358.361 3.96822 73.8388 101.988 112.916 120.828 167.781 140.209 133.117 171.794 168.093 164.531 166.56 167.731 194.003 223.022 242.016 68.8292 91.2865 106.31 101.609 113.802
293.875 290.927 293.957 274.154 237.945 250.127 279.848 301.759 310.467 292.467 278.073 263.806 254.692 257.613 264.323 277.62 97.6754 139.471 142.209 154.038 171.518 164.835 165.58 176.263 173.333 192.147 228.76 222.566 208.193 221.905 239.961 35.3269 51.4555 20.822 15.54 4.80715 343.42 336.225 26.4024 67.6193 85.4118 80.8475 24.4851 333.908 315.336 307.453 312.534 312.953 2.79358 71.6045 103.202 87.9012 66.6491 104.995 80.7954 130.611 110.256 147.932 174.923 180.015 165.982 156.047 163.268 185.267 184.353 163.996 157.685 157.39 138.679 126.564
218.363 287.386 263.558 266.642 273.903 287.604 291.327 297.694 302.828 304.67 294.468 290.792 287.89 282.233 277.01 203.464 115.438 123.74 142.704 151.356 168.595 171.712 170.884 173.755 184.118 240.387 256.098 263.042 309.747 285.108 262.83 337.269 40.0441 20.96 5.2366 358.178 4.19056 78.6949 112.527 78.6365 51.8914 6.16335 349.843 324.975 320.951 304.613 307.502 334.383 51.012 83.6573 79.6221 76.7049 67.2618 62.1138 72.8365 101.106 99.3157 113.988 177.499 197.131 168.152 156.484 157.988 172.898 183.117 166.082 148.9 150.666 144.972 132.723
131.012 1.26405 283.729 283.376 271.005 261.575 284.608 285.506 276.804 282.123 272.761 280.841 273.746 265.875 220.62 177.133 138.58 116.602 113.311 140.234 152.841 171.753 166.188 173.663 220.085 264.629 263.596 240.375 291.626 330.158 278.572 246.188 358.712 11.9513 8.35978 55.4404 88.4102 94.02 52.58 10.9115 351.317 353.076 351.645 322.496 317.843 309.219 273.357 325.127 57.5407 65.3607 63.8992 56.8942 27.1046 32.0358 56.9765 60.1271 62.286 56.4698 80.5413 162.813 163.198 171.43 165.725 153.124 156.867 157.985 160.27 157.233 150.122 136.547
41.5621 17.0365 333.755 302.504 278.423 270.672 275.699 256.957 260.06 239.276 240.578 229.996 221.624 221.738 193.243 188.693 161.104 132.067 124.488 124.944 149.203 170.62 167.588 148.186 252.847 260.999 258.808 246.164 266.125 288.662 339.737 293.548 278.976 348.317 62.701 84.6676 54.501 37.8665 7.53145 5.39942 351.296 329.178 351.11 349.032 333.69 335.984 275.621 262.918 49.0005 62.3184 55.2767 24.2608 16.4816 30.9267 36.1727 32.4461 33.0533 35.5739 48.9562 75.8999 133.089 159.483 160.836 142.54 139.294 138.741 147.944 144.968 142.398 142.379
21.8136 16.9355 344.766 312.12 282.909 276.208 247.086 228.323 227.212 224.609 229.181 217.059 231.662 213.796 181.522 190.314 189.001 135.946 139.146 143.893 151.41 176.639 196.275 222.802 291.542 268.787 265.926 284.915 261.681 259.859 303.729 317.449 292.876 350.616 73.9143 54.6092 40.9893 25.3505 356.341 328.052 342.078 338.811 342.877 349.993 354.162 13.8243 293.74 220.246 172.98 107.238 52.219 16.5004 27.81 35.442 22.309 25.8673 34.4524 38.2119 50.9424 56.0732 66.5632 118.02 155.557 141.259 126.139 126.904 122.045 134.913 131.318 127.556
16.3896 11.7201 359.79 332.157 279.868 254.362 221.055 216.031 218.779 221.943 227.951 241.702 219.593 202.391 195.598 191.233 180.634 152.458 147.825 144.051 164.642 281.474 311.824 290.782 277.046 266.849 280.941 308.974 302.589 299.962 289.997 303.418 305.941 342.081 45.6871 40.8797 25.05 12.4652 0.592547 328.606 329.602 335.362 347.034 343.258 4.3616 66.6146 100.3 171.047 185.614 186.475 186.367 186.852 45.4254 27.8327 29.9924 63.0249 59.8883 63.8765 66.8756 62.134 70.345 85.587 121.502 153.607 133.599 132.377 124.667 119.515 128.061 134.749
22.225 15.0892 24.8301 27.798 311.29 231.003 223.592 222.104 222.72 238.06 249.619 223.229 188.899 187.906 189.298 201.285 202.527 166.756 139.963 219.56 305.006 284.518 305.022 297.457 254.269 300.343 312.703 319.072 327.524 334.358 327.8 285.734 283.993 302.293 64.3071 38.4125 359.544 9.78719 22.2459 336.75 304.523 302.272 173.644 89.7594 142.962 103.45 93.0683 112.939 152.674 163.985 183.304 210.812 217.573 173.35 92.7558 89.8138 90.0137 99.1151 91.839 82.4649 81.8805 80.0846 93.3206 121.634 130.756 125.378 123.071 106.373 98.6523 116.046
29.8301 45.7012 46.1033 30.1044 0.666015 285.484 241.048 238.302 243.933 254.241 235.508 198.303 201.473 204.403 194.819 219.779 227.665 224.535 275.973 301.322 295.955 209.622 195.982 205.439 258.042 272.932 279.476 299.088 308.56 6.52505 44.3205 311.626 257.752 210.184 147.849 159.107 175.962 173.752 161.878 35.3361 169.778 173.201 181.902 159.681 159.756 147.889 79.6649 104.104 115.604 132.294 168.479 203.513 209.019 204.381 152.002 105.253 101.046 113.051 107.365 108.607 97.1708 90.4094 85.2414 86.1139 97.8582 87.3637 80.1525 82.8325 76.3902 68.3294
36.2161 36.3049 27.9212 26.2867 21.9204 3.71128 294.611 267.131 247.029 242.66 224.164 212.396 210.568 201.841 225.668 255.852 265.426 263.139 263.324 228.764 176.271 169.924 213.746 246.194 273.421 246.355 249.501 256.102 248.595 321.998 21.2136 0.710795 287.518 164.904 127.428 162.016 176.957 170.053 180.594 180.615 168.574 174.863 206.421 195.439 134.574 171.592 92.0387 95.508 106.961 88.6262 119.951 162.464 203.194 223.133 190.447 98.0542 101.558 106.196 107.398 102.872 94.4818 85.308 55.4953 64.5665 86.7613 69.479 69.76 60.2316 63.5608 67.5611
33.5371 33.0282 28.7929 28.0337 27.3445 15.274 327.742 309.725 250.285 241.192 228.793 216.347 207.342 220.606 244.249 247.952 265.124 270.714 274.39 140.772 175.393 303.626 341.131 314.916 300.71 275.264 270.192 259.237 253.186 245.491 56.5204 38.3905 7.24337 126.078 114.267 120.186 149.148 166.201 175.995 186.366 173.984 172.694 223.068 199.389 134.297 193.832 141.662 79.8851 98.7993 94.1824 124.733 126.088 180.788 224.228 213.209 38.2444 63.0468 70.5422 70.6349 57.438 53.6181 40.29 47.2468 66.1368 67.3908 62.3237 57.2702 65.9063 79.148 86.8048
29.3346 28.5993 27.0125 20.8641 30.3769 30.0596 9.50464 328.261 271.321 252.03 229.937 223.164 233.199 251.845 268.112 263.283 266.027 270.346 268.327 70.8076 311.043 300.968 341.442 356.704 313.403 292.462 289.599 298.318 304.914 243.89 284.749 324.537 82.9856 98.8682 109.794 120.876 131.517 148.918 163.057 172.065 181.112 198.598 219.83 208.216 177.178 153.85 164.97 100.288 108.645 116.023 114.753 117.317 156.365 215.672 229.431 234.853 63.8943 48.3682 43.2083 37.7098 40.4734 45.4864 59.036 61.136 49.753 37.0935 62.0558 79.5468 83.0842 103.768
27.3136 22.174 24.3958 27.0086 35.8231 32.6882 48.9115 73.3477 260.228 247.66 235.317 250.373 268.3 277.761 287.293 287.847 265.657 264.655 299.561 341.791 327.362 311.662 328.273 18.5619 325.793 302.018 304.533 305.541 327.013 319.773 306.956 105.134 116.343 98.2843 96.6063 101.307 127.685 150.802 97.8911 170.256 195.102 178.438 166.1 188.589 192.625 196.575 176.513 126.985 113.111 139.135 135.445 122.03 120.236 177.113 223.548 221.131 251.203 38.8201 49.2016 44.1171 52.4058 49.41 46.054 48.8593 39.2673 47.4121 65.918 62.7992 83.594 93.1476
26.4806 29.1466 29.583 47.1572 49.7005 59.3967 72.73 72.2478 144.682 228.942 245.353 258.054 269.937 287.248 287.245 306.411 304.87 308.147 316.998 330.167 322.506 331.262 4.05598 15.801 318.109 293.738 305.328 316.449 310.762 349.994 140.356 131.409 109.293 104.968 97.6095 99.2858 113.619 198.583 133.011 139.147 183.825 190.6 158.265 158.6 187.759 203.692 186.706 147.398 121.146 127.9 149.762 139.838 131.134 162.828 225.737 248.532 237.468 155.043 75.1892 76.6492 74.2362 63.5428 67.0605 64.285 59.6097 72.0341 67.9508 70.5885 81.5804 62.2629
32.8743 27.288 69.6612 76.39 82.7375 78.4837 84.4859 86.7783 85.6541 241.495 263.987 264.573 272.536 290.586 301.751 311.298 322.74 332.14 339.021 332.281 321.879 336.862 25.7752 15.967 331.966 291.243 294.921 311.721 344.144 113.38 114.104 132.246 123.796 107.076 109.714 103.725 86.2365 73.439 124.948 128.826 191.821 209.934 169.565 158.182 181.523 188.261 181.602 148.756 138.357 136.45 147.42 143.217 124.151 167.355 241.919 241.712 207.38 194.72 146.473 126.122 115.75 120.013 120.453 111.072 100.115 97.8285 87.044 93.0202 74.1591 50.3378
37.3173 48.5818 103.292 85.1491 83.6928 85.3433 86.7331 93.9258 82.3297 296.832 281.195 278.763 277.44 273.137 292.841 298.411 309.082 292.146 317.48 337.277 327.856 346.904 34.4666 20.6449 339.56 307.905 300.68 307.762 25.2196 98.1855 96.2435 107.964 126.159 109.843 99.6803 104.763 81.5147 106.488 113.529 101.587 162.795 200.231 190.52 200.568 143.77 129.871 167.342 158.74 139.499 148.637 143.598 162.076 157.516 156.845 225.702 213.327 206.265 192.369 168.325 151.614 143.968 134.952 135.682 135.603 138.562 138.357 123.504 121.01 85.9832 56.2421
