input_data/wasim/wasim_run1/input/alm.acc
ncols	135
nrows	130
xllcorner	22597.5
yllcorner	185062.5
cellsize	100
nodata_value	-9999
[rows 46 to 91 of 130, columns 0 to 95 of 135]
1 1 1 10 16 2 1 4 1 1 2 248 117 97 49 48 46 43 3 1 2 27 24 1 3 6 2 1 1 2 1 5 5 20 24 25 1 1 2 3 4 177 7 3 7 3 4 3 2 1 5 30 3 2 9 1 2 3 1 1 1 2 597 2 3 1 670 18 4 1 4 2 1 2 2 1 2 3 3 39 1 2 3 6 6 10 2803 17 16 5 3 2 4 30 2 1
1 4 8 1 14 1 1 2 2 3 13 234 15 4 43 39 2 1 39 3 28 1 1 21 18 6 2 1 1 2 4 4 1 2 3 4 31 1 1 4 5 5 178 11 8 4 5 4 3 2 1 6 31 6 10 1 1 1 1 2 1 594 1 1 2 653 16 12 1 2 1 1 1 1 1 1 2 2 3 35 1 2 2 5 3 22 5 2775 2 1 3 5 1 33 1 2
1 1 1 8 5 3 1 1 1 9 1 232 10 4 3 3 36 34 29 35 34 4 1 1 1 1 3 2 1 1 2 1 1 5 6 1 1 32 2 1 3 9 6 185 12 13 6 8 1 3 2 7 1 38 11 2 1 2 2 1 3 592 1 2 182 468 2 13 11 6 5 3 1 1 1 1 1 2 2 32 1 1 4 2 21 4 2 2772 1 5 1 6 35 1 2 3
1 3 7 4 2 1 5 6 7 1 2 229 6 3 3 2 2 1 4 28 3 1 1 1 1 9 5 3 1 1 1 2 3 1 2 16 1 34 1 1 1 4 15 16 206 219 14 7 10 4 1 3 8 40 12 3 2 3 1 4 584 4 1 5 174 467 1 11 1 4 1 1 1 1 3 2 1 1 31 1 2 3 1 20 3 1 16 4 2748 538 537 536 1 4 484 480
1 3 3 1 1 1 2 3 4 30 152 76 3 2 2 2 1 1 3 3 21 1 1 16 12 1 3 1 1 1 2 3 4 5 6 25 43 79 2 1 1 1 1 3 1 2 222 244 404 446 447 452 453 481 539 544 556 557 569 578 1 3 2 1 173 465 1 1 9 3 2 1 1 3 5 16 1 30 2 4 6 14 19 2 8 15 3 2 2200 2 1 1 493 488 3 2
2 1 1 1 2 4 5 23 25 1 120 74 1 2 1 1 1 1 1 1 1 20 18 1 1 1 1 1 1 1 2 3 1 2 24 1 2 14 94 4 1 1 1 1 1 140 141 149 26 11 1 9 19 2 3 1 9 3 4 7 1 2 1 1 171 462 2 1 5 1 2 1 1 1 5 1 28 1 1 1 7 4 1 7 6 2 1 13 177 2009 1590 1569 1559 1518 1517 1516
1 1 2 3 9 10 17 1 1 2 119 73 5 3 1 1 1 1 19 18 10 9 3 2 1 1 1 2 1 1 1 3 7 12 9 1 5 11 1 99 104 106 127 138 139 1 7 18 7 10 4 3 9 1 2 6 2 2 3 4 2 1 1 170 1 2 458 2 1 3 2 1 1 4 1 7 3 1 5 6 3 3 6 5 1 3 12 4 172 418 18 1 9 40 33 12
1 3 4 5 2 5 1 22 24 26 90 66 1 1 2 2 30 28 3 1 7 2 3 1 1 2 5 4 2 1 1 1 4 1 7 4 1 4 3 1 2 19 1 10 1 5 17 5 1 9 3 2 3 5 1 5 1 1 2 3 1 1 1 168 1 2 7 446 8 3 2 1 1 1 3 2 2 2 1 2 2 2 2 2 2 8 3 3 168 55 362 17 8 1 5 20
1 1 2 1 1 1 21 1 1 84 2 3 65 1 3 32 1 1 4 1 3 3 1 1 1 2 8 1 8 1 1 1 1 2 4 3 2 1 2 2 3 13 5 3 2 1 16 4 1 7 2 1 2 4 2 1 1 1 1 1 1 1 3 166 1 1 5 436 1 4 3 2 1 1 1 1 1 1 1 1 1 1 1 1 7 2 2 167 49 5 361 15 1 7 3 1
1 1 7 13 1 20 2 3 4 78 1 1 2 63 54 9 6 3 2 1 2 1 1 1 1 2 1 9 22 2 2 1 1 1 2 2 1 1 1 2 8 4 4 2 1 3 12 3 3 3 1 1 2 1 1 1 2 23 25 26 27 29 144 162 11 1 4 1 434 4 3 2 1 1 1 1 1 1 1 2 3 4 5 6 1 1 166 48 2 2 360 8 6 5 1 2
1 5 3 1 18 1 27 28 35 77 1 11 1 4 1 12 2 2 2 1 1 1 1 2 1 1 5 -9999 -9999 4 1 1 1 1 1 1 1 1 1 1 4 3 3 1 2 9 2 2 2 1 1 1 1 1 14 16 20 1 2 4 6 112 2 6 9 1 2 1 429 4 3 2 1 1 2 3 2 2 1 2 3 1 1 1 2 165 47 1 1 335 20 4 7 5 4 1
2 2 1 2 1 26 1 6 9 8 23 4 10 1 2 10 1 1 1 1 1 2 4 4 1 2 -9999 -9999 -9999 5 2 2 1 2 1 1 2 2 1 1 2 2 2 1 2 6 1 1 1 1 2 3 4 12 1 2 1 1 1 1 97 8 1 5 6 1 1 1 412 12 3 2 1 1 3 3 4 3 3 1 1 5 2 156 162 1 45 1 5 329 11 8 3 6 4 3
1 1 4 10 21 4 4 4 4 7 6 1 3 9 2 1 9 2 1 1 1 2 3 8 19 -9999 -9999 -9999 -9999 -9999 16 8 5 1 2 1 4 3 3 1 1 1 1 1 2 2 1 1 1 1 2 3 5 1 1 1 2 3 4 95 1 5 2 4 4 1 1 2 410 8 5 2 1 1 3 7 4 5 4 53 1 94 152 3 2 44 1 3 319 9 10 3 4 2 5 3
1 3 5 2 8 3 3 3 3 6 1 4 2 4 2 1 1 5 2 1 1 1 2 3 -9999 -9999 -9999 -9999 -9999 -9999 -9999 -9999 -9999 -9999 3 5 1 9 4 1 1 1 1 1 1 1 1 2 4 6 1 1 1 26 35 1 42 43 80 2 8 4 1 3 2 1 1 9 398 1 1 2 1 1 1 2 10 25 44 1 92 2 50 2 1 43 1 1 317 8 3 6 2 3 1 4
1 4 1 5 2 2 2 2 2 2 3 3 1 2 1 1 1 1 1 2 2 1 1 -9999 -9999 -9999 -9999 -9999 -9999 -9999 -9999 -9999 -9999 -9999 -9999 -9999 -9999 -9999 18 3 2 1 4 1 1 1 1 1 2 3 14 23 24 8 3 40 1 3 33 1 7 1 2 2 1 6 7 311 82 4 3 2 1 1 2 5 10 12 1 35 2 1 49 1 41 1 1 260 56 5 2 2 5 1 2 2
1 2 3 1 1 1 1 1 1 1 1 1 2 1 1 1 1 1 1 4 3 3 -9999 -9999 -9999 -9999 -9999 -9999 -9999 -9999 -9999 -9999 -9999 -9999 -9999 -9999 -9999 -9999 -9999 -9999 -9999 -9999 10 3 1 1 3 1 1 4 3 4 4 3 2 1 1 15 1 16 4 2 1 1 5 2 3 307 66 15 3 2 1 1 2 4 9 2 1 33 1 47 1 38 2 3 16 258 55 49 4 1 1 4 1 1
1 1 1 1 1 1 1 1 1 1 1 1 1 1 2 1 1 3 7 20 7 -9999 -9999 -9999 -9999 -9999 -9999 -9999 -9999 -9999 -9999 -9999 -9999 -9999 -9999 -9999 -9999 -9999 -9999 -9999 -9999 -9999 -9999 -9999 -9999 1 5 3 1 2 2 3 3 2 1 1 13 1 11 4 3 1 1 4 1 1 4 302 65 11 2 1 1 2 3 1 7 1 28 4 46 2 37 1 2 12 8 233 4 1 48 3 2 1 2 1
1 1 1 2 2 2 2 2 2 3 3 1 2 9 3 1 1 2 -9999 -9999 -9999 -9999 -9999 -9999 -9999 -9999 -9999 -9999 -9999 -9999 -9999 -9999 -9999 -9999 -9999 -9999 -9999 -9999 -9999 -9999 -9999 -9999 -9999 -9999 -9999 -9999 30 2 1 1 1 2 2 1 1 3 8 1 9 3 1 1 1 1 1 2 300 1 64 6 2 1 1 2 5 6 25 27 3 45 1 15 19 1 11 1 6 2 230 3 1 47 2 1 1 1
2 1 4 7 10 3 19 13 8 4 -9999 -9999 -9999 -9999 -9999 -9999 -9999 -9999 -9999 -9999 -9999 -9999 -9999 -9999 -9999 -9999 -9999 -9999 -9999 -9999 -9999 -9999 -9999 -9999 -9999 -9999 -9999 -9999 -9999 -9999 -9999 -9999 -9999 -9999 -9999 -9999 -9999 18 1 1 1 1 1 1 1 6 1 3 5 1 1 1 2 7 1 296 3 6 57 3 2 1 1 2 1 24 1 2 43 1 14 1 17 5 5 3 2 1 223 6 1 14 30 27 20 19
3 -9999 -9999 -9999 -9999 -9999 -9999 -9999 -9999 -9999 -9999 -9999 -9999 -9999 -9999 -9999 -9999 -9999 -9999 -9999 -9999 -9999 -9999 -9999 -9999 -9999 -9999 -9999 -9999 -9999 -9999 -9999 -9999 -9999 -9999 -9999 -9999 -9999 -9999 -9999 -9999 -9999 -9999 -9999 -9999 -9999 -9999 -9999 16 3 1 1 1 1 3 5 2 2 1 1 1 2 4 1 289 5 2 5 3 53 2 1 1 2 3 19 1 17 25 1 12 7 9 4 4 2 1 3 218 1 5 1 12 2 5 10
-9999 -9999 -9999 -9999 -9999 -9999 -9999 -9999 -9999 -9999 -9999 -9999 -9999 -9999 -9999 -9999 -9999 -9999 -9999 -9999 -9999 -9999 -9999 -9999 -9999 -9999 -9999 -9999 -9999 -9999 -9999 -9999 -9999 -9999 -9999 -9999 -9999 -9999 -9999 -9999 -9999 -9999 -9999 -9999 -9999 -9999 -9999 -9999 11 3 1 1 3 1 1 1 1 1 1 2 3 1 110 212 68 4 1 4 2 50 2 1 1 3 16 2 16 1 23 10 1 6 8 3 3 1 2 171 40 6 3 1 6 5 1 4
-9999 -9999 -9999 -9999 -9999 -9999 -9999 -9999 -9999 -9999 -9999 -9999 -9999 -9999 -9999 -9999 -9999 -9999 -9999 -9999 -9999 -9999 -9999 -9999 -9999 -9999 -9999 -9999 -9999 -9999 -9999 -9999 -9999 -9999 -9999 -9999 -9999 -9999 -9999 -9999 -9999 -9999 -9999 -9999 -9999 -9999 -9999 -9999 5 2 1 1 4 12 2 1 1 1 1 1 1 109 1 100 67 2 1 3 1 49 3 1 1 1 11 1 15 20 2 5 4 5 7 2 2 1 3 167 36 3 5 2 1 4 4 3
-9999 -9999 -9999 -9999 -9999 -9999 -9999 -9999 -9999 -9999 -9999 -9999 -9999 -9999 -9999 -9999 -9999 -9999 -9999 -9999 -9999 -9999 -9999 -9999 -9999 -9999 -9999 -9999 -9999 -9999 -9999 -9999 -9999 -9999 -9999 -9999 -9999 -9999 -9999 -9999 -9999 -9999 -9999 -9999 -9999 -9999 -9999 -9999 2 2 1 1 3 2 16 21 1 2 2 34 102 2 1 98 63 3 1 2 38 7 1 1 1 3 7 14 12 7 1 4 3 4 6 1 1 2 153 13 32 3 2 4 1 3 3 2
-9999 -9999 -9999 -9999 -9999 -9999 -9999 -9999 -9999 -9999 -9999 -9999 -9999 -9999 -9999 -9999 -9999 -9999 -9999 -9999 -9999 -9999 -9999 -9999 -9999 -9999 -9999 -9999 -9999 -9999 -9999 -9999 -9999 -9999 -9999 -9999 -9999 -9999 -9999 -9999 -9999 -9999 -9999 -9999 -9999 -9999 -9999 -9999 1 1 1 2 1 1 1 1 23 25 30 64 2 1 27 70 59 3 2 1 37 3 2 1 1 6 1 12 11 2 4 3 2 3 4 1 1 13 139 12 23 8 2 1 3 2 2 1
-9999 -9999 -9999 -9999 -9999 -9999 -9999 -9999 -9999 -9999 -9999 -9999 -9999 -9999 -9999 -9999 -9999 -9999 -9999 -9999 -9999 -9999 -9999 -9999 -9999 -9999 -9999 -9999 -9999 -9999 -9999 -9999 -9999 -9999 -9999 -9999 -9999 -9999 -9999 -9999 -9999 -9999 -9999 -9999 -9999 -9999 -9999 1 1 1 2 4 1 1 1 2 1 2 61 2 1 26 57 12 18 40 2 1 31 5 2 1 1 4 5 6 10 1 3 2 1 2 2 1 12 4 134 11 10 12 7 1 2 1 1 1
-9999 -9999 -9999 -9999 -9999 -9999 -9999 -9999 -9999 -9999 -9999 -9999 -9999 -9999 -9999 -9999 -9999 -9999 -9999 -9999 -9999 -9999 -9999 -9999 -9999 -9999 -9999 -9999 -9999 -9999 -9999 -9999 -9999 -9999 -9999 -9999 -9999 -9999 -9999 -9999 -9999 -9999 -9999 -9999 -9999 -9999 -9999 2 3 1 1 1 6 2 4 1 44 58 2 1 25 44 12 11 7 10 39 1 29 1 4 3 1 2 4 5 3 6 1 1 1 1 1 11 3 3 130 10 9 2 9 6 1 3 8 9
-9999 -9999 -9999 -9999 -9999 -9999 -9999 -9999 -9999 -9999 -9999 -9999 -9999 -9999 -9999 -9999 -9999 -9999 -9999 -9999 -9999 -9999 -9999 -9999 -9999 -9999 -9999 -9999 -9999 -9999 -9999 -9999 -9999 -9999 -9999 -9999 -9999 -9999 -9999 -9999 -9999 -9999 -9999 -9999 -9999 -9999 -9999 12 1 1 1 1 2 7 1 40 11 2 1 24 3 40 11 10 6 8 1 38 17 11 10 8 2 1 3 4 1 1 5 2 6 7 10 2 2 11 118 9 8 1 8 5 2 2 2 14
-9999 -9999 -9999 -9999 -9999 -9999 -9999 -9999 -9999 -9999 -9999 -9999 -9999 -9999 -9999 -9999 -9999 -9999 -9999 -9999 -9999 -9999 -9999 -9999 -9999 -9999 -9999 -9999 -9999 -9999 -9999 -9999 -9999 -9999 -9999 -9999 -9999 -9999 -9999 -9999 -9999 -9999 -9999 -9999 -9999 -9999 -9999 5 1 1 3 5 6 9 33 1 10 1 23 2 27 12 10 9 5 2 5 15 22 16 2 1 7 1 2 2 1 4 1 3 1 2 1 1 10 21 96 8 7 7 4 1 1 1 13 55
-9999 -9999 -9999 -9999 -9999 -9999 -9999 -9999 -9999 -9999 -9999 -9999 -9999 -9999 -9999 -9999 -9999 -9999 -9999 -9999 -9999 -9999 -9999 -9999 -9999 -9999 -9999 -9999 -9999 -9999 -9999 -9999 -9999 -9999 -9999 -9999 -9999 -9999 -9999 -9999 -9999 -9999 -9999 -9999 -9999 -9999 -9999 2 1 1 3 5 13 15 1 4 5 22 1 11 15 11 9 8 4 1 4 14 21 3 10 1 4 2 1 1 3 1 2 4 6 7 8 9 20 95 7 6 6 3 3 4 5 12 54 85
-9999 -9999 -9999 -9999 -9999 -9999 -9999 -9999 -9999 -9999 -9999 -9999 -9999 -9999 -9999 -9999 -9999 -9999 -9999 -9999 -9999 -9999 -9999 -9999 -9999 -9999 -9999 -9999 -9999 -9999 -9999 -9999 -9999 -9999 -9999 -9999 -9999 -9999 -9999 -9999 -9999 -9999 -9999 -9999 -9999 -9999 -9999 1 1 1 1 3 4 1 3 4 8 13 7 3 14 10 8 7 1 2 3 13 10 10 2 9 1 2 1 2 1 2 3 1 5 17 18 19 94 6 5 5 2 2 2 3 6 53 84 102
-9999 -9999 -9999 -9999 -9999 -9999 -9999 -9999 -9999 -9999 -9999 -9999 -9999 -9999 -9999 -9999 -9999 -9999 -9999 -9999 -9999 -9999 -9999 -9999 -9999 -9999 -9999 -9999 -9999 -9999 -9999 -9999 -9999 -9999 -9999 -9999 -9999 -9999 -9999 -9999 -9999 -9999 -9999 -9999 -9999 -9999 3 1 1 1 2 1 2 2 3 3 4 12 6 2 13 9 6 1 6 1 2 12 9 5 4 1 8 2 1 1 1 2 3 4 11 9 44 93 5 4 4 1 1 1 1 2 52 83 101 188
-9999 -9999 -9999 -9999 -9999 -9999 -9999 -9999 -9999 -9999 -9999 -9999 -9999 -9999 -9999 -9999 -9999 -9999 -9999 -9999 -9999 -9999 -9999 -9999 -9999 -9999 -9999 -9999 -9999 -9999 -9999 -9999 -9999 -9999 -9999 -9999 -9999 -9999 -9999 -9999 -9999 -9999 -9999 -9999 -9999 -9999 -9999 3 1 1 1 1 1 1 2 2 3 11 5 1 12 8 1 4 4 1 1 11 8 3 1 3 4 1 1 1 2 3 4 10 8 34 48 4 3 3 35 36 37 38 39 51 82 100 187 8
-9999 -9999 -9999 -9999 -9999 -9999 -9999 -9999 -9999 -9999 -9999 -9999 -9999 -9999 -9999 -9999 -9999 -9999 -9999 -9999 -9999 -9999 -9999 -9999 -9999 -9999 -9999 -9999 -9999 -9999 -9999 -9999 -9999 -9999 -9999 -9999 -9999 -9999 -9999 -9999 -9999 -9999 -9999 -9999 -9999 -9999 -9999 6 1 1 3 2 1 1 1 1 2 5 5 4 11 2 5 1 2 3 4 6 6 1 2 2 2 1 1 2 3 4 5 7 33 47 3 2 2 34 1 2 7 8 11 81 96 3 186 7
-9999 -9999 -9999 -9999 -9999 -9999 -9999 -9999 -9999 -9999 -9999 -9999 -9999 -9999 -9999 -9999 -9999 -9999 -9999 -9999 -9999 -9999 -9999 -9999 -9999 -9999 -9999 -9999 -9999 -9999 -9999 -9999 -9999 -9999 -9999 -9999 -9999 -9999 -9999 -9999 -9999 -9999 -9999 -9999 -9999 -9999 -9999 -9999 1 1 5 4 2 1 1 1 1 4 4 3 4 6 1 4 1 2 3 5 2 3 1 1 1 1 2 3 4 5 6 32 46 2 1 1 33 2 3 4 1 2 80 8 87 2 185 6
-9999 -9999 -9999 -9999 -9999 -9999 -9999 -9999 -9999 -9999 -9999 -9999 -9999 -9999 -9999 -9999 -9999 -9999 -9999 -9999 -9999 -9999 -9999 -9999 -9999 -9999 -9999 -9999 -9999 -9999 -9999 -9999 -9999 -9999 -9999 -9999 -9999 -9999 -9999 -9999 -9999 -9999 -9999 -9999 -9999 -9999 -9999 -9999 -9999 -9999 2 12 4 5 3 1 1 2 3 2 3 4 1 1 2 1 2 4 1 1 1 1 1 1 2 3 4 12 31 45 1 2 27 32 1 3 6 16 78 79 7 84 2 1 184 4
-9999 -9999 -9999 -9999 -9999 -9999 -9999 -9999 -9999 -9999 -9999 -9999 -9999 -9999 -9999 -9999 -9999 -9999 -9999 -9999 -9999 -9999 -9999 -9999 -9999 -9999 -9999 -9999 -9999 -9999 -9999 -9999 -9999 -9999 -9999 -9999 -9999 -9999 -9999 -9999 -9999 -9999 -9999 -9999 -9999 -9999 -9999 -9999 -9999 -9999 -9999 1 27 4 3 2 1 1 2 1 1 1 3 2 1 1 1 1 2 1 2 3 2 4 5 6 7 1 17 44 1 24 2 2 2 2 9 61 1 6 12 71 1 30 153 2
-9999 -9999 -9999 -9999 -9999 -9999 -9999 -9999 -9999 -9999 -9999 -9999 -9999 -9999 -9999 -9999 -9999 -9999 -9999 -9999 -9999 -9999 -9999 -9999 -9999 -9999 -9999 -9999 -9999 -9999 -9999 -9999 -9999 -9999 -9999 -9999 -9999 -9999 -9999 -9999 -9999 -9999 -9999 -9999 -9999 -9999 -9999 -9999 -9999 -9999 -9999 -9999 42 14 2 1 1 1 1 1 1 1 1 1 1 1 1 1 1 2 5 7 11 12 13 14 15 16 15 28 23 1 1 1 1 8 2 58 2 2 11 65 5 29 5 147
-9999 -9999 -9999 -9999 -9999 -9999 -9999 -9999 -9999 -9999 -9999 -9999 -9999 -9999 -9999 -9999 -9999 -9999 -9999 -9999 -9999 -9999 -9999 -9999 -9999 -9999 -9999 -9999 -9999 -9999 -9999 -9999 -9999 -9999 -9999 -9999 -9999 -9999 -9999 -9999 -9999 -9999 -9999 -9999 -9999 -9999 -9999 -9999 -9999 -9999 -9999 -9999 -9999 -9999 11 9 2 1 1 3 1 2 5 2 5 3 1 1 1 2 1 1 8 10 11 12 13 14 27 22 3 4 5 6 7 1 57 1 1 10 43 21 4 28 2 2
-9999 -9999 -9999 -9999 -9999 -9999 -9999 -9999 -9999 -9999 -9999 -9999 -9999 -9999 -9999 -9999 -9999 -9999 -9999 -9999 -9999 -9999 -9999 -9999 -9999 -9999 -9999 -9999 -9999 -9999 -9999 -9999 -9999 -9999 -9999 -9999 -9999 -9999 -9999 -9999 -9999 -9999 -9999 -9999 -9999 -9999 -9999 -9999 -9999 -9999 -9999 -9999 -9999 -9999 -9999 1 5 3 2 32 28 24 18 9 3 2 1 1 3 4 5 6 1 1 12 24 25 26 21 2 13 14 15 16 17 56 2 5 9 42 6 14 3 25 2 1
-9999 -9999 -9999 -9999 -9999 -9999 -9999 -9999 -9999 -9999 -9999 -9999 -9999 -9999 -9999 -9999 -9999 -9999 -9999 -9999 -9999 -9999 -9999 -9999 -9999 -9999 -9999 -9999 -9999 -9999 -9999 -9999 -9999 -9999 -9999 -9999 -9999 -9999 -9999 -9999 -9999 -9999 -9999 -9999 -9999 -9999 -9999 -9999 -9999 -9999 -9999 -9999 -9999 -9999 -9999 -9999 -9999 -9999 -9999 -9999 -9999 -9999 -9999 8 4 2 1 1 2 4 6 8 9 10 11 5 18 20 1 12 1 2 8 25 38 1 2 3 41 5 9 4 2 23 1 1
-9999 -9999 -9999 -9999 -9999 -9999 -9999 -9999 -9999 -9999 -9999 -9999 -9999 -9999 -9999 -9999 -9999 -9999 -9999 -9999 -9999 -9999 -9999 -9999 -9999 -9999 -9999 -9999 -9999 -9999 -9999 -9999 -9999 -9999 -9999 -9999 -9999 -9999 -9999 -9999 -9999 -9999 -9999 -9999 -9999 -9999 -9999 -9999 -9999 -9999 -9999 -9999 -9999 -9999 -9999 -9999 -9999 -9999 -9999 -9999 -9999 -9999 -9999 2 1 1 1 1 1 1 1 2 4 10 4 5 7 1 9 2 1 5 15 1 12 1 2 40 4 2 6 3 1 21 1 1
-9999 -9999 -9999 -9999 -9999 -9999 -9999 -9999 -9999 -9999 -9999 -9999 -9999 -9999 -9999 -9999 -9999 -9999 -9999 -9999 -9999 -9999 -9999 -9999 -9999 -9999 -9999 -9999 -9999 -9999 -9999 -9999 -9999 -9999 -9999 -9999 -9999 -9999 -9999 -9999 -9999 -9999 -9999 -9999 -9999 -9999 -9999 -9999 -9999 -9999 -9999 -9999 -9999 -9999 -9999 -9999 -9999 -9999 -9999 -9999 -9999 -9999 -9999 1 1 2 2 1 1 1 1 1 5 3 4 5 1 3 5 1 3 3 11 4 7 1 29 10 3 1 5 2 1 9 10 25
-9999 -9999 -9999 -9999 -9999 -9999 -9999 -9999 -9999 -9999 -9999 -9999 -9999 -9999 -9999 -9999 -9999 -9999 -9999 -9999 -9999 -9999 -9999 -9999 -9999 -9999 -9999 -9999 -9999 -9999 -9999 -9999 -9999 -9999 -9999 -9999 -9999 -9999 -9999 -9999 -9999 -9999 -9999 -9999 -9999 -9999 -9999 -9999 -9999 -9999 -9999 -9999 -9999 -9999 -9999 -9999 -9999 -9999 -9999 -9999 -9999 -9999 -9999 -9999 2 5 2 1 2 1 2 4 2 3 2 2 2 2 2 2 2 10 3 3 3 28 6 3 2 1 3 1 8 9 24 9
-9999 -9999 -9999 -9999 -9999 -9999 -9999 -9999 -9999 -9999 -9999 -9999 -9999 -9999 -9999 -9999 -9999 -9999 -9999 -9999 -9999 -9999 -9999 -9999 -9999 -9999 -9999 -9999 -9999 -9999 -9999 -9999 -9999 -9999 -9999 -9999 -9999 -9999 -9999 -9999 -9999 -9999 -9999 -9999 -9999 -9999 -9999 -9999 -9999 -9999 -9999 -9999 -9999 -9999 -9999 -9999 -9999 -9999 -9999 -9999 -9999 -9999 -9999 -9999 -9999 10 2 1 4 1 1 1 2 1 1 1 1 1 1 1 9 2 2 2 11 16 5 2 1 2 2 7 8 23 8 93
-9999 -9999 -9999 -9999 -9999 -9999 -9999 -9999 -9999 -9999 -9999 -9999 -9999 -9999 -9999 -9999 -9999 -9999 -9999 -9999 -9999 -9999 -9999 -9999 -9999 -9999 -9999 -9999 -9999 -9999 -9999 -9999 -9999 -9999 -9999 -9999 -9999 -9999 -9999 -9999 -9999 -9999 -9999 -9999 -9999 -9999 -9999 -9999 -9999 -9999 -9999 -9999 -9999 -9999 -9999 -9999 -9999 -9999 -9999 -9999 -9999 -9999 -9999 -9999 -9999 13 2 5 4 2 1 1 1 2 3 4 5 6 7 8 1 1 1 10 12 3 4 1 1 1 4 7 22 7 44 48
-9999 -9999 -9999 -9999 -9999 -9999 -9999 -9999 -9999 -9999 -9999 -9999 -9999 -9999 -9999 -9999 -9999 -9999 -9999 -9999 -9999 -9999 -9999 -9999 -9999 -9999 -9999 -9999 -9999 -9999 -9999 -9999 -9999 -9999 -9999 -9999 -9999 -9999 -9999 -9999 -9999 -9999 -9999 -9999 -9999 -9999 -9999 -9999 -9999 -9999 -9999 -9999 -9999 -9999 -9999 -9999 -9999 -9999 -9999 -9999 -9999 -9999 -9999 -9999 -9999 -9999 33 5 2 1 1 1 1 1 1 2 3 4 5 6 7 8 9 11 2 2 1 1 2 3 6 21 6 21 22 45
