input_data/wasim/wasim_run1/input/alm.slp
ncols	135
nrows	130
xllcorner	22597.5
yllcorner	185062.5
cellsize	100
nodata_value	-9999
[rows 0 to 30 of 130, columns 0 to 69 of 135]
27.1692 28.5096 30.3617 30.3729 29.7582 29.1347 31.019 33.1269 32.9274 31.4336 28.4573 26.7856 26.0678 25.3052 24.365 23.0938 23.6217 24.7112 24.5313 24.5121 25.7022 28.9075 31.7101 34.2682 34.8468 31.1657 29.5641 30.4617 33.2586 29.9262 22.1514 14.9782 12.8208 14.6051 17.6345 19.5808 20.4613 21.2124 21.3634 22.5124 23.6143 22.6979 21.0608 20.9548 23.8185 27.7263 31.0167 32.977 34.4798 33.7368 27.8304 20.7214 17.3277 20.0728 24.3778 27.2832 29.844 32.5568 37.0404 40.4076 41.8896 40.936 38.3844 37.6973 37.7978 40.5205 38.9651 38.5132 36.3702 36.3157
30.3644 27.1692 31.1903 34.5777 25.362 28.7202 32.6985 33.5226 35.2675 29.7925 27.7471 24.856 26.0819 26.5478 22.5232 23.0839 22.4033 25.9058 26.9139 20.5941 26.009 31.6935 32.2255 34.014 39.1232 31.982 18.7107 36.3979 37.1742 29.0007 20.2712 9.40735 8.08297 18.8145 18.7022 18.4164 23.57 20.2779 20.5407 23.4228 24.7226 23.7996 18.6549 19.0909 25.0125 30.216 31.8581 34.2666 34.7666 35.9088 29.7919 11.8842 13.3789 23.3262 26.2583 27.854 30.6428 33.596 36.1442 45.8646 42.5811 38.705 40.5685 33.3279 38.5086 41.6573 44.1182 29.5643 41.4053 35.9978
33.8784 38.6094 29.6776 26.5784 28.8301 31.8568 35.0846 34.7842 32.4005 24.7295 22.4955 16.4853 19.166 26.4876 32.7586 25.1389 36.7216 37.5559 19.7871 18.4972 19.725 17.4746 31.796 34.7496 34.999 23.8388 31.9788 36.9819 33.7842 33.7676 19.3229 14.7045 8.61963 20.1315 10.6239 15.1671 16.7345 19.2706 18.6951 20.5229 25.0753 26.8414 20.8101 21.6559 22.5732 29.7318 31.3364 32.3494 31.6186 24.9637 12.7856 8.77993 19.6268 26.3319 28.7288 31.0245 32.4707 37.8636 45.8748 45.7551 32.6944 40.0241 40.7818 34.3029 39.3161 40.8839 18.0597 37.3936 41.7421 41.2463
37.2024 39.3706 34.6174 30.5954 31.8918 35.7774 33.1936 32.0078 22.9114 17.2967 14.2244 12.0225 11.0665 18.0113 23.1819 28.0945 30.2533 40.5847 33.9531 29.2958 28.9776 30.7387 36.748 34.7261 33.6471 25.5049 27.9639 28.4135 26.0876 26.0919 13.6611 11.6368 9.805 13.6747 9.76907 7.27205 10.8403 14.7685 11.4503 17.927 29.9925 26.0792 22.2047 23.4826 28.3821 33.2488 32.0696 31.6253 18.459 7.32605 11.5708 18.7898 26.0045 31.134 36.03 36.1452 35.8795 43.9775 43.3054 46.4002 45.9219 48.8258 42.4211 40.2518 38.3598 25.4371 39.6873 41.2752 38.5604 34.4009
36.4289 36.9514 36.2634 34.8353 36.8719 34.5571 28.5586 19.1098 13.2533 10.1349 12.0212 12.4874 16.6074 21.3153 20.6136 18.6178 19.8482 26.5127 25.026 22.8612 23.5214 26.568 33.4571 30.1952 25.0869 16.2551 15.2073 21.9675 17.3611 18.0821 18.0456 2.75967 10.4932 11.2662 6.35357 7.53317 9.43743 5.71105 8.70714 22.6377 25.1452 15.357 18.6831 21.3742 29.0909 30.9774 31.2539 14.4572 10.3479 17.0572 20.2665 28.8435 32.7952 39.5273 45.893 44.4103 41.7363 42.6056 46.1919 46.7228 39.7963 29.7937 31.5573 43.0953 28.7373 40.4623 38.9625 35.5128 34.5433 36.3562
35.8067 32.1912 37.3613 38.1786 39.9897 27.8956 15.3484 15.6214 17.2302 20.5898 23.9468 25.3043 30.2908 33.9248 37.456 25.2288 16.316 17.0797 26.9739 29.1439 31.6204 30.5739 32.1483 33.9405 33.5452 23.282 20.5395 27.6166 20.1111 17.2902 9.52181 8.54735 9.88623 5.33717 2.68692 5.68753 8.7905 8.00766 6.64757 10.335 23.5606 27.6398 19.8934 17.6367 26.6136 26.377 10.0469 11.3428 19.0373 22.1159 25.7503 33.104 40.7722 52.1446 51.9969 47.5375 39.2207 44.3803 39.5092 5.62522 17.7427 26.0504 25.5717 5.24682 30.7082 44.4794 42.5241 37.3624 35.496 35.9468
32.9812 37.6551 37.9092 28.5202 21.7272 27.787 22.8199 17.6229 24.6623 31.3783 35.0665 31.4463 34.7667 39.5231 36.2815 23.7782 14.44 24.6662 34.4601 35.7761 27.4392 25.8559 34.8351 37.9296 38.6886 17.9718 33.511 32.7333 25.3798 12.7207 4.76335 5.97467 9.73553 5.60269 4.20376 11.5296 14.0759 12.0392 12.127 13.415 21.2518 28.6566 24.96 24.4368 17.0746 10.0534 12.4126 13.6586 18.9129 23.4028 30.2242 42.8172 48.6196 55.4917 50.9616 43.9514 39.8711 34.154 15.5333 34.8742 31.037 33.7359 39.4549 41.6822 30.5789 28.0183 38.9775 37.2404 39.594 40.378
31.9424 26.2719 27.3291 29.1076 28.9777 27.1228 22.5598 31.584 37.0052 40.8707 36.6427 37.5898 35.9421 39.9982 32.4639 28.0663 19.9072 25.4604 34.4251 29.1049 17.5669 32.1047 41.1479 42.1926 35.1199 15.237 30.5486 26.2968 31.9054 25.6416 9.08025 14.3186 16.7408 11.2898 12.913 16.1169 18.0458 17.7587 21.6304 24.2579 29.672 28.9172 28.7355 15.6033 7.77417 10.7901 10.5361 20.1633 22.8993 28.0172 37.4008 41.2805 49.32 50.8818 39.5318 26.5743 37.8314 22.9871 38.8468 24.2583 15.3234 19.8894 27.9795 38.1135 40.284 38.3711 29.2007 31.0857 33.5792 40.5466
30.6906 30.8614 30.5451 28.5601 29.8163 27.972 34.3066 36.6828 38.6272 40.1717 38.7074 41.9546 38.0584 41.42 29.6197 32.4969 24.4348 23.6018 34.347 29.403 20.2453 37.0545 47.1781 38.5126 30.6375 26.7827 23.8013 20.1177 21.1815 25.5753 27.1888 23.1335 13.6932 14.1817 16.8605 16.7609 18.0684 20.423 22.3968 25.7858 26.9397 21.2649 9.53196 9.66183 12.6464 11.1458 24.7616 30.5284 30.5413 36.5693 39.8188 38.6242 42.0367 34.3955 21.4913 14.6665 20.4094 39.4853 29.0112 12.1095 7.74267 9.31176 18.7944 25.1153 28.0276 36.7877 35.517 33.4918 32.2226 32.2566
33.8383 33.6866 32.4415 31.5789 33.2814 36.6998 37.349 38.4997 41.2351 39.2254 40.2962 34.5296 39.7834 34.7049 13.3501 28.8112 21.0023 23.6793 35.9559 33.2684 16.3341 29.1798 35.1662 46.0032 28.9415 35.2909 35.7109 27.5626 29.3554 24.409 16.82 22.0485 23.1355 18.7916 15.4959 10.6355 14.5636 15.9721 16.1357 16.8296 5.96092 6.57496 15.566 11.9313 16.9686 20.9046 32.422 33.9495 35.8698 44.3883 41.6517 31.0318 31.3661 39.205 27.4926 12.1984 10.5991 34.75 33.4974 24.0282 15.2145 16.8161 16.7209 14.8214 15.7475 24.5484 23.4694 25.4897 27.3365 26.0143
36.7228 40.1146 46.8651 40.756 35.3512 37.7242 40.6208 36.9246 35.0044 37.9475 37.0895 32.8185 32.3844 32.3841 16.7813 18.0516 21.5802 26.3635 38.5809 22.5511 9.23285 27.1518 43.3189 45.6061 8.78143 39.124 39.7069 33.0508 21.6027 8.98168 8.59237 25.376 30.8094 17.3319 0.733804 3.07395 8.79757 19.2734 20.4185 8.36048 9.25341 12.0156 18.6013 17.7225 25.2053 28.3575 29.4583 28.5236 34.8268 37.7641 32.3628 39.6041 40.9521 42.485 22.1208 18.8988 18.7399 36.5417 37.9821 34.5349 24.8895 15.726 9.53926 11.1815 17.8143 17.507 19.529 19.5414 22.9845 25.8947
37.6051 39.2518 47.7738 51.5373 45.3556 34.9667 30.3809 31.3708 32.7372 33.0204 34.9369 30.0477 30.8474 25.3158 33.6234 18.5971 25.4369 28.4885 36.879 14.3386 10.0065 24.0796 38.5091 42.1594 2.91958 34.7353 30.4075 30.9594 22.3244 13.0721 11.8375 17.9189 28.3817 27.1427 13.8336 3.23424 8.7416 16.0259 22.2235 14.8533 11.5532 16.5207 22.9393 23.7937 26.1529 23.0934 29.3564 27.4516 24.3206 31.191 34.7852 36.3696 41.2466 35.1578 14.8741 14.6667 13.3107 28.4894 39.6085 39.6204 31.6477 21.5941 15.3016 10.5446 15.9401 17.3824 16.7028 13.2372 18.8564 26.168
34.2747 34.3313 46.1855 52.0089 46.9739 35.8238 44.3486 41.3426 38.0503 41.3523 32.9767 27.7368 35.9242 8.8141 39.5681 31.5134 27.9261 29.7026 28.824 13.6498 14.9769 30.0469 41.089 41.26 12.0855 37.2171 35.5676 29.0293 30.1934 29.313 25.0972 26.5266 27.7955 24.7115 23.4893 11.9564 12.7766 16.4023 17.9937 22.7319 21.1812 23.7771 22.166 23.6823 14.8131 25.2663 36.5716 36.0891 23.8547 32.013 41.9547 33.3801 24.7461 10.3688 20.6658 26.668 38.3134 33.908 20.4083 35.4065 38.5491 32.4781 20.2934 15.5625 11.5826 13.5572 15.8656 11.7606 10.8653 10.471
27.9845 25.9103 42.9607 46.5017 44.6778 39.1622 33.4327 40.6253 41.2177 42.4545 39.6988 40.8087 37.4413 36.1348 32.499 41.0641 30.998 30.4291 24.7077 13.2997 35.3755 45.5479 36.556 16.9533 32.8756 24.9691 17.3738 27.017 33.6697 38.2511 35.8622 28.1851 30.1807 26.7732 14.2025 20.0337 17.4352 25.6586 25.4999 28.2814 27.8363 28.0458 19.3447 17.4455 16.1622 32.7919 40.5618 37.6213 37.295 29.9439 28.2021 25.3155 35.8381 41.1809 40.1757 40.6625 37.906 36.0779 36.3625 28.9013 20.7972 29.2532 34.1879 28.065 23.9527 18.3775 25.2913 31.0184 29.347 27.5095
22.1038 17.4217 34.0351 49.2726 51.0631 40.4083 27.7973 37.0945 36.6465 38.1513 45.8183 39.6362 40.4223 43.4022 27.3452 39.0838 34.2805 39.5805 24.2864 17.4233 34.8378 9.48 27.3825 37.9266 42.045 39.0639 39.4351 25.5366 12.3127 16.3222 37.2169 39.2859 32.5609 24.1288 11.0194 8.21316 11.1604 24.4367 31.9694 32.9584 32.6814 27.6058 18.6682 15.4883 22.1623 36.4808 41.5349 31.6344 40.1196 39.4916 29.2976 15.7186 31.5451 28.5917 33.1115 28.0171 32.522 29.1033 33.7445 32.6104 28.1706 21.8449 6.36948 24.7961 32.6904 30.9199 29.0499 29.8854 29.5868 27.8582
19.216 17.0986 24.9928 50.4921 54.5162 41.0705 23.3059 21.7111 41.5803 52.1779 51.1115 45.322 39.1687 38.3431 32.1465 24.2949 25.8743 16.5347 19.1479 9.14645 28.7694 41.9608 38.9513 39.8009 37.0909 32.145 27.5684 28.9243 37.6385 32.9604 17.4491 43.2038 35.8732 24.7896 25.99 16.8843 21.422 28.677 32.8412 25.1599 21.8962 15.3593 16.6286 12.0827 27.2851 40.611 40.5679 32.9726 40.5288 35.2733 24.5856 33.6096 14.8314 8.8957 13.8548 17.265 23.7083 21.3534 22.4622 18.6159 12.0346 17.9895 26.2832 21.9382 4.29684 10.3027 13.7778 19.7977 26.6856 30.8758
18.7494 20.2398 24.8801 30.9334 33.374 39.2507 47.362 43.0565 47.0605 49.538 45.5688 39.4719 35.8648 36.8383 39.2197 18.1668 13.23 30.0174 36.1826 31.5553 38.2408 38.8747 31.1654 30.6744 28.9953 23.0888 18.4517 11.3761 16.5282 31.7029 25.9347 36.4728 43.6825 32.412 32.2203 34.3863 38.461 28.8389 18.515 17.9162 13.2596 10.0008 11.0516 18.023 38.0982 40.8156 41.3914 36.4291 28.5752 33.711 34.3351 26.111 13.2247 10.8418 13.4294 18.8989 19.3006 16.4983 17.7888 9.9065 9.21553 11.275 12.7049 21.7068 27.8802 24.5956 27.581 28.8092 29.1666 31.2013
18.6381 18.4431 19.0975 34.0037 46.2832 46.6428 44.5311 44.9322 44.0525 40.9428 37.1408 35.0157 37.1929 42.5505 39.9857 18.3214 31.0044 35.4845 37.1687 30.2491 29.8876 28.6953 21.9787 24.5085 21.5326 15.1683 21.0257 13.6388 6.41052 22.5558 37.6228 1.94091 46.9283 40.0785 39.949 39.9134 18.6337 16.4374 18.8223 15.3157 10.9406 18.9649 19.8603 33.1205 41.019 39.9274 38.4908 34.1983 19.017 37.0007 32.7232 22.3938 18.6568 12.0918 13.2791 20.0614 19.4614 15.545 11.5959 13.7982 15.5423 17.7207 14.1804 16.5721 22.7102 27.5074 31.2014 29.8734 31.0424 32.9051
20.635 17.1202 16.3318 36.0351 42.5594 46.8432 51.428 44.927 40.4779 41.7508 37.4535 36.9255 32.801 31.0694 25.7405 35.1736 26.1766 38.8601 31.5571 19.7052 17.7495 17.7822 14.5916 16.984 21.5962 21.4364 19.6817 19.0574 16.6406 26.1674 19.1823 28.0587 18.5592 45.4686 39.1819 33.9841 28.8909 13.7933 10.8896 14.53 19.278 27.2759 37.537 37.2589 36.2602 32.531 38.2435 25.5189 33.3853 38.9292 36.0436 29.5581 24.7778 24.8671 25.8511 24.0371 22.7537 20.0999 8.64658 12.8029 18.6575 16.0966 15.2462 18.0248 23.3979 31.188 29.84 25.6337 31.6243 33.6319
24.149 28.3387 24.8063 36.3219 36.0055 52.637 53.389 34.4462 36.6833 37.0645 36.448 40.7575 38.9777 36.3006 36.8851 40.5262 31.6547 32.1863 24.4 21.4038 16.9204 16.0525 13.1212 10.7055 17.1651 26.7879 13.6982 23.1397 34.4078 19.886 19.5977 17.9457 27.8305 39.9721 37.7686 37.5175 27.5243 17.0038 18.2239 22.8444 34.8213 36.3854 45.1405 39.7067 38.1249 25.1649 31.8898 31.2145 23.1569 41.4649 38.7244 37.0557 38.8169 33.1911 33.8761 38.5388 34.0588 36.099 29.5854 15.8789 9.73952 11.0439 16.8789 15.6646 20.8351 22.0643 20.0878 25.6299 32.3104 33.962
28.4713 30.502 31.9783 28.3151 28.915 47.4286 48.5586 43.0987 40.0233 42.2741 38.2686 39.4598 39.6054 40.5157 32.6077 32.0075 32.1032 29.5379 29.285 21.6198 23.2389 11.8876 12.2972 8.60661 19.8919 23.499 14.7036 17.3186 29.7831 32.4038 23.2697 19.2388 37.1887 20.9705 42.0953 36.7114 30.1868 27.3109 21.5495 30.5321 40.8618 45.4713 44.9673 44.9986 46.2378 31.8445 17.1768 37.3236 30.1011 30.2975 25.4183 29.4469 35.8864 39.3429 37.8707 39.6911 38.5252 38.8846 40.9488 33.8827 20.8641 13.5253 14.4981 13.3915 17.3368 17.2538 18.3893 28.0159 30.782 28.6015
29.093 30.8957 31.0014 16.7988 25.7499 37.7346 42.3844 42.4855 48.5327 46.4905 40.4728 36.9629 37.2255 43.6036 44.8086 37.4211 36.0156 30.4471 28.3104 25.0319 9.79012 7.03276 3.76169 14.5378 21.8022 19.1713 18.5027 22.7961 30.2485 37.48 27.6425 22.9278 38.4351 22.1279 41.578 41.3369 42.6081 47.1513 42.115 36.7749 47.5231 50.6839 40.5815 40.0516 23.9523 38.2316 29.9044 32.3196 41.3206 36.6864 26.5458 17.9063 8.12512 28.8022 32.4052 28.8174 29.1187 30.7404 36.7622 37.2008 33.068 24.549 11.4243 15.0168 18.9744 19.3615 24.9847 29.4978 23.515 16.2279
28.1951 26.503 20.2495 14.2674 4.78223 21.8318 36.5526 36.9838 40.2047 48.1999 47.5224 35.1407 38.9763 37.102 42.3181 43.2732 40.521 28.24 19.1757 5.02543 13.5297 11.5533 8.92168 6.94317 13.1818 27.4941 36.5713 40.112 51.9041 48.5398 21.2905 28.5043 41.3182 14.3614 33.2074 32.4036 37.0356 41.4983 45.811 41.5741 41.8557 17.0986 5.57152 12.2982 32.6595 35.5179 33.25 16.8835 22.0744 33.0648 37.2678 40.4273 37.5924 12.5603 28.0338 32.3094 23.658 26.156 30.1634 32.5013 34.0635 28.594 20.9613 18.2349 18.1725 18.7202 21.1178 21.6068 20.7016 12.6373
28.0296 26.2887 19.4389 15.447 8.99306 9.0234 18.4979 28.1236 36.9552 44.4679 40.8402 37.8003 34.1059 32.5399 28.5246 21.9684 26.1219 19.7241 9.59671 8.66236 4.66312 8.39562 11.0765 11.6878 31.6807 42.4583 35.4455 45.8329 48.2221 35.8174 28.6042 17.5125 32.893 21.3309 27.265 16.4049 12.0168 17.8544 12.0056 5.44153 28.9347 38.9231 41.0043 26.4233 30.1173 24.8817 27.7751 23.5966 25.0486 23.0897 14.1893 25.2309 40.111 38.4614 11.3166 25.7235 29.7828 30.9826 28.8462 30.4392 31.2828 29.8172 23.7722 17.3317 15.375 14.3766 16.8658 18.8328 18.7223 17.2271
30.3307 31.1314 29.1217 24.8436 19.718 7.78554 11.6809 18.6095 32.5484 41.6551 38.4877 32.5063 28.8839 29.3027 30.3095 28.9751 20.9626 12.7576 6.37991 5.62832 9.08908 8.45468 7.18692 10.4286 24.6965 37.1562 46.8411 49.3955 44.0742 16.4895 39.638 20.4871 17.7817 17.6169 33.5865 28.8874 36.4121 39.0561 39.1815 37.4321 35.5384 35.8954 36.1522 21.8393 23.7174 20.7677 20.23 30.0549 20.9707 12.7054 6.67231 9.89318 24.3274 37.9997 19.6937 29.7256 29.151 29.3339 29.1971 29.12 25.9863 23.0731 23.4345 21.4399 14.4895 11.2832 17.3365 22.0791 18.6182 20.8401
33.0924 35.873 34.087 32.4069 31.4117 19.5132 14.6425 8.83558 16.7936 35.4319 37.7702 29.7658 29.9834 26.8929 30.2186 34.4592 25.2909 15.0576 7.44261 1.49413 5.72356 8.72175 21.2797 17.3435 23.5147 27.2519 35.9759 43.1133 55.4211 48.9155 16.094 35.3093 20.901 20.6001 28.377 26.8694 29.4386 25.449 24.8406 28.3193 27.0631 21.3673 28.0201 27.5799 14.8337 11.5112 17.7479 27.9503 20.0419 14.7161 15.13 11.8224 19.2174 29.3019 35.8822 19.9388 35.6122 32.8084 27.5926 26.9172 28.8711 24.1145 22.5665 30.6674 21.9001 10.4075 11.2447 17.9877 21.4308 17.7578
33.3046 35.0344 34.0433 35.6713 34.8602 33.4053 18.2828 1.47506 8.27756 21.8566 29.6784 26.3847 23.9789 26.2335 28.63 37.0534 32.7974 15.3741 5.00249 2.17054 7.16083 27.2937 32.8623 20.9856 21.4736 27.1756 39.5081 38.8988 36.2134 40.283 37.0935 20.3371 25.3708 34.6759 30.7928 26.7629 18.2256 12.8171 12.5642 15.4243 17.164 9.70344 18.9916 33.2939 20.0724 15.417 16.6095 21.1533 26.8154 19.8066 12.7508 15.5387 14.1136 25.4434 44.7095 24.0293 34.4759 42.7536 34.7375 32.4746 32.7655 33.3612 28.1461 28.8375 28.3941 21.1976 15.54 21.4156 22.7533 17.1293
28.2886 29.2187 33.2458 33.3876 33.0245 34.3034 28.5139 11.9598 7.99711 15.3149 22.7524 25.0045 25.3372 30.2806 31.7067 32.6274 29.3523 17.3516 9.21076 12.3742 24.4312 41.3571 24.8357 20.8053 18.4277 31.4811 47.9241 52.5475 49.2988 51.6742 28.5204 30.7562 27.0039 29.6594 32.9803 24.863 15.9013 12.5324 6.37971 11.9616 12.4756 10.9001 12.4937 25.973 32.9355 23.7559 18.2865 26.3619 26.0412 16.6038 15.2895 19.7721 16.3893 23.5935 37.3628 47.641 13.7929 32.8388 38.5734 32.5131 31.5134 33.5618 34.829 31.8744 27.3619 27.3978 23.9457 22.9275 28.0726 25.0869
19.5148 15.5966 25.701 23.9441 25.5901 30.1703 30.7469 21.0924 1.9166 12.4697 22.8817 29.9606 30.6111 34.888 34.7669 33.0492 26.9719 26.817 25.4794 28.2004 37.7625 43.3296 15.3006 19.4297 20.5456 42.0886 56.0314 56.9157 46.831 32.9478 31.4367 24.2466 22.8308 28.8435 29.8819 28.3432 20.8927 7.39315 6.22083 19.8658 18.4819 16.0879 10.5166 16.2799 17.2223 24.2216 21.6462 24.2455 25.3954 22.4876 18.7194 17.257 24.6955 23.4155 26.8223 42.0313 40.1935 12.1445 28.2745 28.8657 24.7513 21.944 27.593 32.0647 28.6333 25.4819 23.5021 28.2796 32.7138 27.6272
12.2282 4.95542 12.7747 22.777 21.2849 27.1084 30.5632 22.1703 7.11165 6.7879 20.4478 31.6921 38.665 39.9812 42.135 42.753 38.8015 38.2694 39.3869 35.7338 44.5167 38.7998 29.3319 22.6609 24.2277 49.6863 61.3709 50.3298 30.1574 20.8584 28.8045 18.162 19.9127 27.6357 32.0506 28.6727 14.6796 1.7843 17.6662 20.7398 13.0435 17.3408 12.9507 9.46331 3.326 15.0206 23.9955 25.4871 26.0136 19.3759 17.9945 27.7092 27.4811 18.3001 34.6551 35.1467 38.6053 36.3879 26.994 29.4429 25.7064 26.1613 25.3626 22.9846 24.6786 26.5285 20.513 24.0378 25.8072 27.5881
12.1041 8.84584 12.5056 19.6174 20.0044 26.3118 32.9593 22.5685 5.70745 7.54806 21.2767 32.8605 43.6189 47.9396 46.7086 38.0126 33.0383 29.5075 21.3699 35.3195 47.1695 39.3828 32.2658 30.157 38.3087 56.7067 61.5367 46.8913 18.9376 34.1279 24.8015 18.3078 22.264 29.9402 28.9617 17.4496 12.0488 9.37344 19.5729 15.9869 2.10946 8.81806 14.4666 9.93017 6.65452 15.0315 23.5849 24.1264 21.3323 24.3595 29.5472 35.3914 33.0047 22.2976 26.1342 39.6454 36.9778 42.1001 34.6764 34.0152 31.2284 28.9702 29.0523 30.0561 30.2817 28.0029 23.2677 24.7268 15.5936 14.5189
