input_data/wasim/wasim_run1/input/alm.eor
ncols	135
nrows	130
xllcorner	22597.5
yllcorner	185062.5
cellsize	100
nodata_value	-9999
[rows 42 to 83 of 130, columns 0 to 93 of 135]
16 55 121 57 69 128 66 56 20 50 31 20 29 60 109 42 16 53 52 70 70 18 24 120 67 67 73 58 62 74 40 40 16 117 71 4 21 71 9 39 8 29 124 8 54 44 62 113 64 44 4 59 36 71 104 9 50 29 16 18 44 66 74 24 32 10 51 5 8 15 15 39 8 69 12 122 29 14 56 70 119 104 67 29 63 40 42 49 31 74 65 114 9 40
58 35 21 18 40 40 60 47 70 70 126 74 52 19 20 54 43 55 45 69 125 16 28 27 30 30 66 116 65 4 62 70 5 68 115 25 46 29 52 12 1 14 68 32 67 109 31 29 70 98 128 31 68 51 47 55 13 27 38 40 125 60 49 40 40 105 112 63 30 63 14 34 69 108 15 54 8 41 19 69 62 50 111 36 31 31 28 26 126 69 20 13 66 29
1 48 121 60 53 73 5 32 17 24 1 44 124 45 20 62 14 16 41 70 19 49 60 31 54 42 58 33 45 17 41 71 72 63 64 30 44 14 10 63 17 29 67 72 35 46 70 59 45 22 24 71 7 117 50 104 6 10 63 15 6 54 130 118 69 63 51 6 5 45 66 30 29 57 63 63 28 15 45 60 26 18 18 63 11 21 1 69 68 5 25 106 123 12
34 60 20 45 126 27 25 73 73 73 45 63 1 69 54 65 18 32 72 47 62 112 48 21 16 68 73 17 9 4 30 58 24 63 26 41 33 57 3 64 30 25 14 16 30 23 39 44 2 30 40 69 64 25 122 27 61 27 62 6 9 122 24 39 20 65 16 68 30 2 108 17 59 18 52 65 67 121 41 47 62 69 56 16 6 19 28 66 70 48 53 17 42 9
37 61 43 30 16 18 17 59 20 60 17 67 61 62 62 26 64 59 38 51 7 37 5 30 60 129 62 26 109 55 30 12 66 68 71 56 110 67 65 20 44 62 29 71 33 30 38 48 47 62 35 13 58 35 37 64 72 41 57 20 42 18 122 15 7 118 51 63 67 8 31 36 25 105 9 57 25 65 8 42 56 63 14 52 13 72 6 57 62 31 19 39 5 122
62 119 43 125 31 60 70 72 70 4 31 11 43 53 20 2 17 65 13 25 57 69 25 68 2 116 71 40 30 66 31 26 31 4 16 4 24 38 10 17 18 19 62 67 130 20 17 13 34 72 57 41 30 46 32 121 60 7 51 28 68 5 9 29 2 117 114 24 61 62 57 48 11 28 31 10 5 53 19 51 46 8 32 6 7 22 65 18 45 44 59 59 66 27
41 27 65 61 67 64 1 61 43 67 68 32 130 66 69 61 14 16 66 41 42 123 71 68 15 51 31 31 62 27 60 47 65 61 66 126 18 54 29 70 36 1 12 49 69 12 64 52 22 70 127 19 30 67 64 122 32 49 42 62 42 64 64 63 54 1 10 35 12 64 20 29 64 1 16 112 66 13 125 12 66 17 55 48 30 23 47 47 52 64 26 58 27 65
121 18 64 59 63 2 19 34 124 65 64 32 60 27 49 34 46 20 45 71 128 70 3 2 69 13 122 10 129 61 26 13 45 60 64 14 40 65 68 121 20 70 15 61 43 21 41 31 107 3 42 19 54 62 21 36 1 11 16 106 6 40 29 58 44 32 68 14 15 111 60 14 66 65 26 11 63 30 51 128 69 45 12 64 19 41 65 5 48 19 64 17 32 67
44 18 38 64 30 17 62 46 17 64 6 37 105 45 20 46 47 27 70 127 42 43 19 33 130 57 14 38 118 7 127 31 44 30 23 29 64 10 64 31 69 19 47 4 22 69 26 14 65 110 44 21 47 52 42 60 25 2 58 69 30 69 63 57 2 7 24 65 123 2 109 17 41 64 1 49 59 1 46 19 27 119 69 18 52 7 44 31 38 38 45 59 18 17
42 19 1 5 59 18 69 52 120 40 129 28 64 47 106 60 42 48 48 7 54 64 59 29 54 15 42 54 68 17 61 12 14 29 12 50 41 63 3 63 35 49 28 61 1 12 12 28 38 128 28 50 51 33 58 3 15 33 20 69 68 5 9 21 13 12 52 69 35 14 65 11 30 69 19 42 42 68 6 28 60 68 21 129 18 61 10 10 63 27 11 53 45 34
63 63 53 16 129 38 66 4 12 11 19 29 34 10 63 15 33 62 26 11 17 33 56 41 7 30 43 107 51 56 60 45 68 54 122 45 108 12 57 27 124 3 68 8 12 63 58 68 15 10 10 30 69 3 30 26 29 56 124 43 53 20 123 30 29 42 16 20 63 61 18 31 44 5 43 61 13 37 45 2 8 18 28 60 107 56 67 50 10 55 64 1 21 27
68 3 62 125 24 4 7 12 58 65 14 116 56 29 68 31 61 55 3 68 1 60 46 118 62 67 17 28 1 32 41 62 18 127 31 56 25 28 126 64 62 64 32 30 105 17 36 18 48 46 44 127 42 28 67 59 34 51 33 64 19 60 64 26 10 56 7 55 44 1 50 37 29 28 119 60 27 28 61 29 28 12 19 3 106 65 51 58 17 3 66 12 21 68
46 67 18 13 61 64 56 67 31 16 22 61 16 49 20 18 9 38 110 67 67 12 27 53 9 45 2 124 19 35 21 18 11 8 11 60 7 9 56 61 1 32 44 30 23 59 60 128 56 120 13 11 18 16 2 113 18 42 57 68 3 43 111 129 43 47 65 29 130 46 60 59 30 27 2 18 14 65 34 42 58 60 109 18 63 61 12 6 61 45 42 34 16 56
6 123 34 20 60 20 22 62 59 14 61 4 11 119 122 43 65 44 13 66 16 60 8 8 46 61 4 126 13 12 60 2 16 31 67 28 16 39 37 18 30 22 45 21 65 68 67 44 13 8 12 53 55 45 44 59 16 7 30 60 38 64 60 21 22 60 7 51 51 61 66 24 28 128 55 52 124 8 62 128 48 67 16 10 17 114 59 32 61 61 53 66 34 24
66 63 59 15 55 65 31 108 12 30 30 45 59 52 67 16 50 57 118 56 14 51 63 19 10 60 44 -9999 -9999 51 16 50 118 46 4 13 66 20 13 29 66 63 55 40 120 61 36 28 130 36 7 58 52 119 17 11 37 48 28 5 13 31 9 26 16 130 20 12 58 7 31 45 55 20 29 29 7 1 61 59 46 128 117 57 59 40 46 53 66 5 5 28 66 3
3 53 126 123 35 55 59 65 126 59 47 33 58 37 58 130 63 122 122 60 11 9 59 63 22 126 -9999 -9999 -9999 27 59 51 21 12 129 56 63 66 43 37 29 4 66 129 15 47 14 20 5 43 47 14 22 41 7 60 3 8 117 54 66 2 54 129 46 39 16 54 29 12 49 7 1 130 37 15 129 16 44 54 44 58 10 19 116 25 29 45 59 18 52 32 27 33
3 6 128 36 7 52 22 9 43 31 16 25 17 130 6 2 18 36 65 12 64 29 11 110 110 -9999 -9999 -9999 -9999 -9999 128 16 42 15 14 129 57 65 63 29 12 68 13 19 67 19 49 11 3 32 127 19 113 36 55 12 25 55 3 65 28 67 11 23 63 4 30 1 64 52 16 20 37 120 119 9 38 62 124 54 50 16 15 7 52 40 16 46 50 15 54 27 41 118
59 58 29 65 57 6 14 25 58 26 12 60 60 8 17 22 55 19 108 38 127 49 26 62 -9999 -9999 -9999 -9999 -9999 -9999 -9999 -9999 -9999 -9999 50 49 24 15 60 31 36 56 11 59 31 66 51 65 23 45 46 1 130 29 36 30 57 15 13 26 8 127 35 64 128 29 1 60 66 122 68 3 16 16 47 6 50 49 35 12 20 62 64 128 28 51 25 55 62 21 34 106 44 20
59 37 123 12 47 23 63 39 12 44 62 8 29 15 61 63 45 59 58 15 10 23 54 -9999 -9999 -9999 -9999 -9999 -9999 -9999 -9999 -9999 -9999 -9999 -9999 -9999 -9999 -9999 46 21 6 31 66 119 65 17 5 54 61 24 6 58 53 55 51 46 47 61 48 10 6 41 127 37 21 57 11 2 59 52 121 47 53 66 56 8 46 58 60 55 15 15 23 13 6 4 15 32 22 9 16 47 5 126
8 5 54 108 40 47 21 44 64 54 46 56 11 30 16 4 52 17 58 51 30 24 -9999 -9999 -9999 -9999 -9999 -9999 -9999 -9999 -9999 -9999 -9999 -9999 -9999 -9999 -9999 -9999 -9999 -9999 -9999 -9999 24 64 115 55 4 56 48 52 59 51 3 66 10 4 58 126 66 117 24 21 47 13 1 15 55 57 17 53 24 109 13 8 6 22 9 39 18 119 14 2 57 23 3 15 61 28 118 64 1 20 15 46
62 6 5 126 15 18 25 60 107 120 22 57 41 4 111 24 43 20 24 64 5 -9999 -9999 -9999 -9999 -9999 -9999 -9999 -9999 -9999 -9999 -9999 -9999 -9999 -9999 -9999 -9999 -9999 -9999 -9999 -9999 -9999 -9999 -9999 -9999 15 53 52 59 54 59 15 18 54 56 45 27 56 13 21 9 4 125 30 5 31 14 19 19 9 54 11 2 58 9 34 128 57 18 46 58 28 44 29 7 45 23 14 11 61 126 117 21 16
25 122 50 54 11 22 125 50 5 123 45 17 32 66 50 61 3 113 -9999 -9999 -9999 -9999 -9999 -9999 -9999 -9999 -9999 -9999 -9999 -9999 -9999 -9999 -9999 -9999 -9999 -9999 -9999 -9999 -9999 -9999 -9999 -9999 -9999 -9999 -9999 -9999 127 25 43 22 26 124 10 50 59 32 6 14 12 118 9 40 47 44 24 3 26 59 10 120 22 48 32 23 24 119 22 65 7 53 53 21 19 28 63 22 12 36 14 2 128 58 53 64
30 32 24 11 21 58 59 37 48 124 -9999 -9999 -9999 -9999 -9999 -9999 -9999 -9999 -9999 -9999 -9999 -9999 -9999 -9999 -9999 -9999 -9999 -9999 -9999 -9999 -9999 -9999 -9999 -9999 -9999 -9999 -9999 -9999 -9999 -9999 -9999 -9999 -9999 -9999 -9999 -9999 -9999 11 17 59 47 49 22 16 39 60 2 58 112 65 58 49 58 117 45 6 28 10 54 10 6 60 32 56 45 11 19 13 10 51 45 35 30 35 27 12 26 57 57 11 27 61 22 56
17 -9999 -9999 -9999 -9999 -9999 -9999 -9999 -9999 -9999 -9999 -9999 -9999 -9999 -9999 -9999 -9999 -9999 -9999 -9999 -9999 -9999 -9999 -9999 -9999 -9999 -9999 -9999 -9999 -9999 -9999 -9999 -9999 -9999 -9999 -9999 -9999 -9999 -9999 -9999 -9999 -9999 -9999 -9999 -9999 -9999 -9999 -9999 63 3 60 24 109 61 7 35 33 108 32 4 57 16 51 27 16 1 62 54 10 57 123 54 14 4 10 38 47 10 25 58 23 13 53 31 12 25 13 59 5 127 55 118 33 3
-9999 -9999 -9999 -9999 -9999 -9999 -9999 -9999 -9999 -9999 -9999 -9999 -9999 -9999 -9999 -9999 -9999 -9999 -9999 -9999 -9999 -9999 -9999 -9999 -9999 -9999 -9999 -9999 -9999 -9999 -9999 -9999 -9999 -9999 -9999 -9999 -9999 -9999 -9999 -9999 -9999 -9999 -9999 -9999 -9999 -9999 -9999 -9999 3 45 9 115 53 10 25 8 111 63 51 50 32 123 65 26 45 55 22 121 3 61 58 58 14 6 4 9 62 62 4 23 12 12 62 61 22 10 55 50 3 25 18 43 57 16
-9999 -9999 -9999 -9999 -9999 -9999 -9999 -9999 -9999 -9999 -9999 -9999 -9999 -9999 -9999 -9999 -9999 -9999 -9999 -9999 -9999 -9999 -9999 -9999 -9999 -9999 -9999 -9999 -9999 -9999 -9999 -9999 -9999 -9999 -9999 -9999 -9999 -9999 -9999 -9999 -9999 -9999 -9999 -9999 -9999 -9999 -9999 -9999 27 27 26 26 18 59 58 122 51 19 40 41 45 62 119 24 27 62 55 64 7 34 5 44 48 48 12 26 26 36 52 27 22 19 48 125 65 33 11 11 11 52 25 47 62 24
-9999 -9999 -9999 -9999 -9999 -9999 -9999 -9999 -9999 -9999 -9999 -9999 -9999 -9999 -9999 -9999 -9999 -9999 -9999 -9999 -9999 -9999 -9999 -9999 -9999 -9999 -9999 -9999 -9999 -9999 -9999 -9999 -9999 -9999 -9999 -9999 -9999 -9999 -9999 -9999 -9999 -9999 -9999 -9999 -9999 -9999 -9999 -9999 55 119 117 6 33 1 25 11 11 48 19 7 116 30 4 2 41 47 1 6 66 11 8 20 10 58 112 6 50 15 56 6 4 45 125 45 49 59 60 56 64 36 49 18 53 124
-9999 -9999 -9999 -9999 -9999 -9999 -9999 -9999 -9999 -9999 -9999 -9999 -9999 -9999 -9999 -9999 -9999 -9999 -9999 -9999 -9999 -9999 -9999 -9999 -9999 -9999 -9999 -9999 -9999 -9999 -9999 -9999 -9999 -9999 -9999 -9999 -9999 -9999 -9999 -9999 -9999 -9999 -9999 -9999 -9999 -9999 -9999 -9999 114 62 18 3 32 10 123 47 58 5 21 15 18 10 15 14 25 25 21 40 57 13 23 46 17 122 5 49 63 35 4 15 27 8 10 6 25 48 16 26 30 11 10 11 12 8
-9999 -9999 -9999 -9999 -9999 -9999 -9999 -9999 -9999 -9999 -9999 -9999 -9999 -9999 -9999 -9999 -9999 -9999 -9999 -9999 -9999 -9999 -9999 -9999 -9999 -9999 -9999 -9999 -9999 -9999 -9999 -9999 -9999 -9999 -9999 -9999 -9999 -9999 -9999 -9999 -9999 -9999 -9999 -9999 -9999 -9999 -9999 125 9 49 29 21 120 48 122 50 23 19 52 24 55 46 10 108 63 43 13 28 20 47 26 13 12 65 56 54 47 13 18 42 18 31 57 16 25 5 61 34 38 60 17 24 23 125
-9999 -9999 -9999 -9999 -9999 -9999 -9999 -9999 -9999 -9999 -9999 -9999 -9999 -9999 -9999 -9999 -9999 -9999 -9999 -9999 -9999 -9999 -9999 -9999 -9999 -9999 -9999 -9999 -9999 -9999 -9999 -9999 -9999 -9999 -9999 -9999 -9999 -9999 -9999 -9999 -9999 -9999 -9999 -9999 -9999 -9999 -9999 52 52 4 63 34 49 28 59 7 8 7 6 61 25 54 49 18 44 23 54 19 44 58 8 35 51 9 56 7 5 22 19 54 118 18 26 50 11 54 17 124 48 55 12 48 10 122
-9999 -9999 -9999 -9999 -9999 -9999 -9999 -9999 -9999 -9999 -9999 -9999 -9999 -9999 -9999 -9999 -9999 -9999 -9999 -9999 -9999 -9999 -9999 -9999 -9999 -9999 -9999 -9999 -9999 -9999 -9999 -9999 -9999 -9999 -9999 -9999 -9999 -9999 -9999 -9999 -9999 -9999 -9999 -9999 -9999 -9999 -9999 121 49 124 59 23 40 56 46 62 7 51 11 33 2 119 10 59 41 49 1 43 49 47 54 56 12 45 35 52 54 50 48 5 55 17 48 20 48 53 9 54 122 25 58 59 59 18
-9999 -9999 -9999 -9999 -9999 -9999 -9999 -9999 -9999 -9999 -9999 -9999 -9999 -9999 -9999 -9999 -9999 -9999 -9999 -9999 -9999 -9999 -9999 -9999 -9999 -9999 -9999 -9999 -9999 -9999 -9999 -9999 -9999 -9999 -9999 -9999 -9999 -9999 -9999 -9999 -9999 -9999 -9999 -9999 -9999 -9999 -9999 54 5 33 121 6 1 13 1 56 120 9 13 34 9 62 19 4 47 19 7 23 23 19 48 2 62 12 116 47 24 13 50 53 112 53 34 57 56 31 58 49 121 56 53 32 21 11
-9999 -9999 -9999 -9999 -9999 -9999 -9999 -9999 -9999 -9999 -9999 -9999 -9999 -9999 -9999 -9999 -9999 -9999 -9999 -9999 -9999 -9999 -9999 -9999 -9999 -9999 -9999 -9999 -9999 -9999 -9999 -9999 -9999 -9999 -9999 -9999 -9999 -9999 -9999 -9999 -9999 -9999 -9999 -9999 -9999 -9999 -9999 2 4 59 42 29 61 12 50 56 42 120 17 47 43 119 30 18 45 30 48 44 118 12 50 32 121 27 20 55 44 21 3 16 13 28 15 120 63 122 46 13 23 123 36 49 55 58
-9999 -9999 -9999 -9999 -9999 -9999 -9999 -9999 -9999 -9999 -9999 -9999 -9999 -9999 -9999 -9999 -9999 -9999 -9999 -9999 -9999 -9999 -9999 -9999 -9999 -9999 -9999 -9999 -9999 -9999 -9999 -9999 -9999 -9999 -9999 -9999 -9999 -9999 -9999 -9999 -9999 -9999 -9999 -9999 -9999 -9999 -9999 54 4 54 57 35 50 23 14 9 51 13 46 20 121 44 23 33 44 34 53 118 34 59 121 34 1 39 50 12 53 14 49 23 23 62 16 58 9 11 32 60 64 50 47 24 12 30
-9999 -9999 -9999 -9999 -9999 -9999 -9999 -9999 -9999 -9999 -9999 -9999 -9999 -9999 -9999 -9999 -9999 -9999 -9999 -9999 -9999 -9999 -9999 -9999 -9999 -9999 -9999 -9999 -9999 -9999 -9999 -9999 -9999 -9999 -9999 -9999 -9999 -9999 -9999 -9999 -9999 -9999 -9999 -9999 -9999 -9999 8 12 54 47 47 121 1 11 60 122 57 58 120 6 50 23 52 39 42 36 19 16 15 55 48 29 25 8 12 14 48 40 57 37 1 61 120 8 9 28 61 37 10 25 56 34 53 34
-9999 -9999 -9999 -9999 -9999 -9999 -9999 -9999 -9999 -9999 -9999 -9999 -9999 -9999 -9999 -9999 -9999 -9999 -9999 -9999 -9999 -9999 -9999 -9999 -9999 -9999 -9999 -9999 -9999 -9999 -9999 -9999 -9999 -9999 -9999 -9999 -9999 -9999 -9999 -9999 -9999 -9999 -9999 -9999 -9999 -9999 -9999 1 62 22 23 52 17 119 120 47 43 26 18 4 20 9 60 35 5 65 18 56 58 30 55 42 33 41 6 62 33 2 54 34 10 22 2 63 12 10 31 5 3 24 7 12 50 20
-9999 -9999 -9999 -9999 -9999 -9999 -9999 -9999 -9999 -9999 -9999 -9999 -9999 -9999 -9999 -9999 -9999 -9999 -9999 -9999 -9999 -9999 -9999 -9999 -9999 -9999 -9999 -9999 -9999 -9999 -9999 -9999 -9999 -9999 -9999 -9999 -9999 -9999 -9999 -9999 -9999 -9999 -9999 -9999 -9999 -9999 -9999 22 43 41 9 58 19 11 53 55 58 55 33 29 54 13 9 42 49 54 35 34 54 3 45 56 14 47 11 12 119 10 9 43 54 52 10 1 32 18 36 50 35 53 22 43 61 24
-9999 -9999 -9999 -9999 -9999 -9999 -9999 -9999 -9999 -9999 -9999 -9999 -9999 -9999 -9999 -9999 -9999 -9999 -9999 -9999 -9999 -9999 -9999 -9999 -9999 -9999 -9999 -9999 -9999 -9999 -9999 -9999 -9999 -9999 -9999 -9999 -9999 -9999 -9999 -9999 -9999 -9999 -9999 -9999 -9999 -9999 -9999 -9999 5 21 118 64 109 117 34 57 20 7 53 36 7 44 46 11 30 14 36 17 8 11 49 47 52 11 6 18 57 52 53 54 56 56 20 63 48 49 61 37 36 47 59 48 4 7
-9999 -9999 -9999 -9999 -9999 -9999 -9999 -9999 -9999 -9999 -9999 -9999 -9999 -9999 -9999 -9999 -9999 -9999 -9999 -9999 -9999 -9999 -9999 -9999 -9999 -9999 -9999 -9999 -9999 -9999 -9999 -9999 -9999 -9999 -9999 -9999 -9999 -9999 -9999 -9999 -9999 -9999 -9999 -9999 -9999 -9999 -9999 -9999 -9999 -9999 54 21 46 9 7 33 51 54 13 21 39 26 3 50 24 2 44 118 19 47 1 17 7 19 7 47 22 24 10 28 48 117 1 60 1 10 15 20 54 53 53 40 51 4
-9999 -9999 -9999 -9999 -9999 -9999 -9999 -9999 -9999 -9999 -9999 -9999 -9999 -9999 -9999 -9999 -9999 -9999 -9999 -9999 -9999 -9999 -9999 -9999 -9999 -9999 -9999 -9999 -9999 -9999 -9999 -9999 -9999 -9999 -9999 -9999 -9999 -9999 -9999 -9999 -9999 -9999 -9999 -9999 -9999 -9999 -9999 -9999 -9999 -9999 -9999 35 53 49 118 21 30 112 34 14 116 37 5 4 5 47 49 1 40 53 53 48 55 60 19 3 42 37 44 21 20 59 32 55 62 1 10 56 23 51 62 21 49 55
-9999 -9999 -9999 -9999 -9999 -9999 -9999 -9999 -9999 -9999 -9999 -9999 -9999 -9999 -9999 -9999 -9999 -9999 -9999 -9999 -9999 -9999 -9999 -9999 -9999 -9999 -9999 -9999 -9999 -9999 -9999 -9999 -9999 -9999 -9999 -9999 -9999 -9999 -9999 -9999 -9999 -9999 -9999 -9999 -9999 -9999 -9999 -9999 -9999 -9999 -9999 -9999 35 52 52 54 53 32 10 115 47 9 9 58 21 38 17 33 109 52 113 34 57 54 34 6 1 48 54 49 43 10 57 39 38 52 22 10 39 61 27 50 63 30
-9999 -9999 -9999 -9999 -9999 -9999 -9999 -9999 -9999 -9999 -9999 -9999 -9999 -9999 -9999 -9999 -9999 -9999 -9999 -9999 -9999 -9999 -9999 -9999 -9999 -9999 -9999 -9999 -9999 -9999 -9999 -9999 -9999 -9999 -9999 -9999 -9999 -9999 -9999 -9999 -9999 -9999 -9999 -9999 -9999 -9999 -9999 -9999 -9999 -9999 -9999 -9999 -9999 -9999 40 48 42 20 41 56 19 43 112 25 57 24 54 46 29 23 20 25 9 52 17 37 17 20 54 27 36 50 18 19 45 35 56 51 19 53 6 57 9 21
