input_data/wasim/wasim_run1/input/alm.hor
ncols	135
nrows	130
xllcorner	22597.5
yllcorner	185062.5
cellsize	100
nodata_value	-9999
[rows 30 to 59 of 130, columns 0 to 66 of 135]
0.874655 0.867078 0.841994 0.788706 0.769874 0.742785 0.680329 0.663212 0.695786 0.701956 0.705523 0.704296 0.687373 0.723667 0.724931 0.766767 0.790271 0.823118 0.825077 0.730921 0.714277 0.732342 0.687442 0.61704 0.602027 0.55291 0.65196 0.762984 0.888557 0.795552 0.76227 0.820773 0.836904 0.819215 0.751864 0.785693 0.800504 0.809007 0.816735 0.77006 0.802439 0.806122 0.826619 0.82928 0.852856 0.824488 0.796162 0.820367 0.79314 0.81324 0.784322 0.724779 0.741719 0.705296 0.687965 0.720047 0.714416 0.733254 0.771752 0.764498 0.785514 0.802551 0.793322 0.791263 0.785343 0.790376 0.824764
0.841523 0.803121 0.800725 0.789399 0.765801 0.743473 0.693005 0.673403 0.699152 0.690121 0.687721 0.682472 0.65858 0.673459 0.731288 0.795019 0.835109 0.768456 0.756007 0.773294 0.800328 0.810637 0.596718 0.539576 0.594797 0.65284 0.728389 0.904454 0.838119 0.781701 0.772266 0.80461 0.807158 0.814212 0.776471 0.765022 0.801343 0.80626 0.80666 0.787104 0.813061 0.81871 0.815636 0.802189 0.844391 0.843053 0.794862 0.80793 0.816861 0.757764 0.728328 0.659945 0.651598 0.679539 0.727706 0.724288 0.723393 0.683223 0.757864 0.722609 0.761561 0.790245 0.768509 0.770618 0.746855 0.733315 0.772521
0.801264 0.777955 0.739959 0.750122 0.763523 0.742172 0.683159 0.655693 0.677593 0.693194 0.696791 0.694444 0.739165 0.748254 0.772359 0.7473 0.763021 0.780041 0.741362 0.747628 0.723605 0.748355 0.776218 0.611638 0.624998 0.608434 0.71926 0.807448 0.834081 0.814323 0.83581 0.83147 0.77444 0.783151 0.774936 0.708356 0.722406 0.759746 0.780569 0.783882 0.811281 0.815274 0.810509 0.787747 0.830332 0.827688 0.817593 0.82274 0.778068 0.715814 0.748142 0.697392 0.722326 0.711238 0.742162 0.741392 0.742856 0.690354 0.77245 0.781788 0.803793 0.813286 0.804573 0.798847 0.786478 0.763412 0.791934
0.805867 0.784639 0.759783 0.749889 0.772491 0.729508 0.684533 0.659806 0.701838 0.71833 0.732944 0.704355 0.715253 0.737623 0.737408 0.745049 0.72609 0.715057 0.742392 0.753117 0.728468 0.765681 0.829661 0.883304 0.830692 0.675119 0.854948 0.751284 0.755582 0.756096 0.804933 0.8286 0.885562 0.835736 0.848434 0.729166 0.710796 0.706224 0.704179 0.748095 0.772718 0.800173 0.811118 0.812321 0.830738 0.848875 0.834284 0.810614 0.794549 0.745228 0.766066 0.71168 0.752387 0.755961 0.762683 0.759485 0.782297 0.762365 0.765933 0.748871 0.772429 0.798327 0.807511 0.799696 0.779392 0.781703 0.795131
0.757622 0.741068 0.764675 0.77242 0.781431 0.718554 0.686085 0.66333 0.702738 0.722745 0.723218 0.699073 0.691547 0.692922 0.657126 0.679473 0.693521 0.731046 0.731785 0.776873 0.80929 0.795287 0.767592 0.665318 0.729666 0.895996 0.712665 0.681094 0.729097 0.745176 0.733244 0.681978 0.692544 0.851624 0.905354 0.901949 0.851163 0.713644 0.717658 0.712337 0.735429 0.752825 0.768795 0.804012 0.808259 0.819905 0.829482 0.819897 0.788501 0.7595 0.730985 0.728107 0.739833 0.774941 0.775386 0.770766 0.790685 0.799412 0.8133 0.797338 0.767295 0.795691 0.77509 0.767697 0.7565 0.779862 0.776742
0.80041 0.796041 0.796131 0.78601 0.760793 0.705822 0.662262 0.68891 0.697148 0.698528 0.687536 0.683961 0.724601 0.766865 0.777952 0.727764 0.734534 0.788821 0.809574 0.801101 0.75 0.756592 0.782858 0.692374 0.711625 0.87526 0.722124 0.780501 0.818439 0.802655 0.779102 0.756176 0.701644 0.779002 0.85208 0.785006 0.760468 0.934054 0.77505 0.751253 0.746514 0.741397 0.742219 0.749981 0.757459 0.801616 0.790559 0.802305 0.793075 0.747347 0.732599 0.73917 0.722327 0.744213 0.779242 0.782799 0.780578 0.775236 0.770442 0.720292 0.736121 0.757893 0.725367 0.752032 0.756597 0.746456 0.752256
0.817858 0.785158 0.806341 0.804356 0.786788 0.713344 0.670599 0.670109 0.704099 0.725188 0.713622 0.700348 0.712064 0.690367 0.739331 0.76562 0.815398 0.852861 0.763421 0.688553 0.724442 0.781741 0.756438 0.755979 0.707624 0.852753 0.778146 0.829194 0.821916 0.843808 0.824149 0.797493 0.772205 0.746373 0.80438 0.75966 0.66976 0.737257 0.906812 0.799277 0.809136 0.791714 0.769386 0.745483 0.734218 0.702437 0.718528 0.704875 0.66002 0.67273 0.700613 0.719175 0.717085 0.720894 0.773981 0.785009 0.79554 0.757314 0.763577 0.688474 0.722879 0.754592 0.718903 0.716791 0.7533 0.753821 0.741602
0.8321 0.78761 0.817926 0.82254 0.807987 0.729801 0.674665 0.676469 0.710233 0.707153 0.694223 0.706621 0.683945 0.723902 0.730504 0.832854 0.737834 0.718871 0.70368 0.683629 0.702643 0.808233 0.726941 0.731893 0.683014 0.843851 0.800868 0.808508 0.820805 0.817074 0.791158 0.795244 0.828515 0.722717 0.805102 0.816706 0.670341 0.73472 0.758108 0.91632 0.764873 0.731649 0.724528 0.702669 0.684959 0.647165 0.659267 0.613788 0.615288 0.709295 0.688095 0.705368 0.702645 0.719267 0.733175 0.747381 0.782438 0.77723 0.763814 0.718803 0.727906 0.74105 0.75972 0.756917 0.770934 0.754757 0.74768
0.827948 0.812945 0.825341 0.818526 0.805625 0.755663 0.680444 0.667294 0.708147 0.679842 0.669992 0.65321 0.690454 0.762823 0.806298 0.830063 0.711093 0.724188 0.75835 0.709051 0.789859 0.771213 0.738664 0.746606 0.696574 0.860497 0.807091 0.811898 0.814522 0.818054 0.8284 0.816269 0.78574 0.754099 0.779284 0.748529 0.739438 0.73618 0.713482 0.75997 0.932 0.790578 0.677932 0.66979 0.62081 0.605696 0.631899 0.601027 0.738005 0.819425 0.715207 0.639479 0.685409 0.693265 0.711726 0.708913 0.766581 0.777032 0.770495 0.730044 0.758345 0.764871 0.771359 0.777037 0.78302 0.76442 0.779259
0.825298 0.801946 0.803906 0.799003 0.799664 0.727468 0.687877 0.69463 0.700353 0.667076 0.643673 0.710306 0.75359 0.741204 0.772178 0.754628 0.73539 0.744555 0.781409 0.70521 0.814828 0.762304 0.769809 0.738138 0.734073 0.933383 0.784401 0.812221 0.821247 0.820078 0.843101 0.832562 0.802455 0.796734 0.802446 0.826462 0.804844 0.794139 0.727379 0.704173 0.758339 0.84923 0.75787 0.71911 0.829805 0.808373 0.827624 0.846932 0.786945 0.792642 0.852574 0.720128 0.686508 0.684639 0.676491 0.71329 0.717159 0.720681 0.748419 0.709571 0.743511 0.766242 0.777155 0.778838 0.767896 0.750286 0.759879
0.793878 0.769788 0.762577 0.782253 0.791025 0.741308 0.704508 0.691134 0.710049 0.690461 0.678091 0.689816 0.72279 0.75504 0.781037 0.763966 0.740586 0.716919 0.749225 0.757502 0.812786 0.736308 0.717261 0.743495 0.792594 0.93346 0.765638 0.778593 0.810469 0.792781 0.822519 0.812769 0.778443 0.800192 0.806536 0.818842 0.815965 0.777892 0.698463 0.697217 0.718547 0.752869 0.823512 0.846992 0.727505 0.621038 0.659732 0.750227 0.68161 0.636324 0.67658 0.810717 0.729167 0.672925 0.701423 0.706894 0.732415 0.716608 0.722531 0.733436 0.758785 0.769148 0.770431 0.778471 0.743995 0.738586 0.723743
0.777838 0.751731 0.73116 0.731719 0.764565 0.748928 0.701174 0.679015 0.678078 0.688031 0.717999 0.710576 0.709725 0.724802 0.782615 0.800684 0.783768 0.767716 0.724667 0.752149 0.804623 0.761928 0.71346 0.693934 0.704007 0.878121 0.770466 0.801234 0.802527 0.809801 0.824768 0.835876 0.810826 0.81829 0.819723 0.814302 0.813576 0.707272 0.714794 0.709657 0.707963 0.691178 0.735476 0.831485 0.715232 0.634029 0.666977 0.703087 0.653956 0.675253 0.672886 0.686997 0.858819 0.775331 0.741491 0.715118 0.702561 0.713007 0.756284 0.756601 0.758819 0.774267 0.780061 0.759939 0.758433 0.775804 0.754699
0.784418 0.768481 0.7485 0.733503 0.718484 0.744574 0.71682 0.687325 0.667141 0.675632 0.719747 0.716217 0.681611 0.713692 0.813838 0.746072 0.739478 0.729778 0.727775 0.753074 0.768244 0.751687 0.723631 0.706883 0.674392 0.89209 0.741219 0.761202 0.811904 0.822847 0.829066 0.841248 0.841864 0.820996 0.821812 0.838092 0.811622 0.752766 0.771635 0.754637 0.724464 0.708697 0.713477 0.722464 0.712106 0.953183 0.766707 0.704038 0.710817 0.724083 0.740286 0.716731 0.713856 0.839643 0.732451 0.746964 0.732559 0.742558 0.770564 0.819482 0.821062 0.822693 0.821656 0.810329 0.813852 0.822739 0.799065
0.772312 0.756973 0.740423 0.738654 0.702878 0.736525 0.716951 0.699113 0.680435 0.667584 0.672333 0.692629 0.674044 0.771593 0.797201 0.753125 0.73203 0.688349 0.644126 0.676915 0.679835 0.709792 0.719928 0.730405 0.778142 0.917235 0.760514 0.741387 0.799027 0.827215 0.82657 0.836302 0.84001 0.837304 0.837424 0.826901 0.802528 0.783716 0.76166 0.754861 0.74388 0.735594 0.72552 0.72607 0.698214 0.723425 0.816212 0.782835 0.714129 0.753906 0.775848 0.834703 0.770919 0.810197 0.860746 0.773425 0.76527 0.795186 0.790666 0.806814 0.790587 0.785645 0.806657 0.826432 0.81448 0.758225 0.7751
0.769208 0.759301 0.739166 0.714679 0.704494 0.67893 0.63748 0.646748 0.681151 0.675425 0.660802 0.711668 0.706569 0.773002 0.781703 0.737862 0.763205 0.821446 0.76443 0.701324 0.669766 0.741539 0.820548 0.863937 0.797223 0.752819 0.866985 0.715453 0.786547 0.824282 0.83458 0.851609 0.858163 0.853529 0.867162 0.852142 0.840095 0.822991 0.761609 0.731547 0.734359 0.758463 0.730344 0.730689 0.696038 0.707786 0.715958 0.729947 0.792966 0.798979 0.826292 0.850984 0.851294 0.829003 0.806231 0.793218 0.76817 0.759141 0.737985 0.796511 0.779677 0.788681 0.810951 0.810979 0.775088 0.730894 0.786828
0.806475 0.905073 0.758713 0.692728 0.688898 0.645003 0.666888 0.650875 0.646501 0.670884 0.68007 0.68294 0.71115 0.714248 0.706359 0.730782 0.820481 0.781615 0.777799 0.812769 0.929537 0.79204 0.78459 0.75988 0.712329 0.665637 0.791762 0.762972 0.760595 0.810858 0.834885 0.848072 0.852942 0.872457 0.855147 0.863201 0.842144 0.838892 0.812913 0.737888 0.751579 0.770435 0.750198 0.760549 0.720184 0.747013 0.728279 0.710848 0.788948 0.816066 0.79059 0.786479 0.790112 0.824758 0.78998 0.792498 0.792483 0.762865 0.744173 0.772528 0.777757 0.811749 0.81612 0.808716 0.792959 0.773039 0.796438
0.838711 0.768199 0.761712 0.723197 0.679904 0.728271 0.759595 0.727321 0.732459 0.717624 0.685284 0.68616 0.721366 0.724506 0.687408 0.672952 0.749906 0.781088 0.759656 0.764286 0.718676 0.687445 0.780228 0.799834 0.766223 0.718005 0.738744 0.959587 0.744867 0.782046 0.830537 0.837227 0.830931 0.847475 0.828476 0.845584 0.857842 0.854528 0.795788 0.714702 0.754972 0.7809 0.777926 0.773572 0.750407 0.752989 0.724292 0.704947 0.692304 0.789896 0.725733 0.759393 0.735731 0.771802 0.786922 0.835616 0.809447 0.796458 0.770364 0.782771 0.78596 0.820438 0.796523 0.793882 0.793879 0.797819 0.767002
0.811426 0.74817 0.773513 0.790188 0.748274 0.826843 0.847052 0.775157 0.771242 0.716598 0.651839 0.694721 0.705172 0.712318 0.700736 0.711039 0.741441 0.797204 0.807473 0.799986 0.762022 0.771282 0.80892 0.760181 0.762107 0.750611 0.753958 0.83328 0.852266 0.755027 0.80773 0.814975 0.823646 0.827945 0.848841 0.860651 0.852172 0.860464 0.844411 0.717757 0.73973 0.766747 0.781447 0.756002 0.740296 0.755951 0.750723 0.73796 0.708056 0.747221 0.789233 0.810737 0.813505 0.797036 0.809958 0.835123 0.847424 0.836759 0.813873 0.798349 0.832182 0.797916 0.805166 0.805861 0.784518 0.75589 0.735282
0.860846 0.820669 0.832102 0.828348 0.815576 0.856492 0.872989 0.868791 0.797072 0.710116 0.718402 0.703349 0.690336 0.691566 0.706287 0.713022 0.730224 0.816038 0.835872 0.793616 0.73318 0.69834 0.827175 0.817353 0.807164 0.772228 0.782535 0.768139 0.871029 0.752052 0.750692 0.80717 0.85802 0.817728 0.818916 0.85853 0.876997 0.859674 0.860105 0.804186 0.717441 0.746452 0.782723 0.779628 0.789588 0.757206 0.765506 0.753837 0.780798 0.774847 0.799151 0.78916 0.775332 0.725303 0.736587 0.774919 0.798735 0.815901 0.797304 0.779118 0.784807 0.786815 0.79242 0.802782 0.747061 0.721194 0.725716
0.86778 0.825801 0.865895 0.857633 0.856754 0.8379 0.799006 0.809247 0.820998 0.750405 0.724124 0.701174 0.690889 0.686167 0.681614 0.663426 0.731535 0.784654 0.80858 0.780091 0.727475 0.704806 0.829313 0.849956 0.864452 0.807191 0.746426 0.752229 0.796984 0.823182 0.780201 0.80651 0.827227 0.840151 0.829502 0.831194 0.846821 0.821218 0.860517 0.857544 0.771075 0.692801 0.736783 0.76819 0.761282 0.772459 0.801681 0.761291 0.749261 0.756459 0.792349 0.776594 0.763875 0.740299 0.749203 0.756949 0.748327 0.745281 0.757432 0.747113 0.788385 0.79163 0.798423 0.777208 0.761151 0.752417 0.74604
0.877524 0.853904 0.832039 0.848515 0.86158 0.859406 0.804324 0.828665 0.804356 0.727124 0.704232 0.717568 0.707451 0.691249 0.707223 0.72999 0.777828 0.780252 0.674723 0.670918 0.761026 0.855935 0.841895 0.798582 0.767618 0.718476 0.693394 0.755025 0.861354 0.865097 0.784243 0.798691 0.825266 0.838823 0.81405 0.808039 0.816231 0.796814 0.824826 0.839662 0.848996 0.810188 0.750878 0.750559 0.763739 0.758703 0.758962 0.758008 0.770728 0.764823 0.776493 0.763024 0.775528 0.776372 0.74915 0.769476 0.769632 0.794947 0.761966 0.760694 0.765029 0.779463 0.802822 0.770837 0.7769 0.787505 0.791832
0.872466 0.862711 0.883663 0.847772 0.842053 0.818029 0.820082 0.821133 0.822189 0.776705 0.759294 0.754037 0.713617 0.716931 0.790465 0.846003 0.891494 0.899942 0.859085 0.821141 0.792559 0.808433 0.824018 0.762487 0.743411 0.771238 0.878438 0.886113 0.847181 0.84018 0.718464 0.771655 0.817335 0.826535 0.809508 0.820793 0.7984 0.788303 0.827898 0.846545 0.856445 0.841709 0.816332 0.826563 0.816086 0.766795 0.73484 0.744257 0.770192 0.771376 0.764561 0.73801 0.719349 0.703423 0.685799 0.72582 0.705454 0.692873 0.716731 0.741723 0.763478 0.752563 0.775845 0.813178 0.778751 0.784812 0.77677
0.881341 0.883858 0.842397 0.854452 0.83648 0.811956 0.823945 0.845211 0.806512 0.767871 0.762414 0.738104 0.714783 0.734213 0.876148 0.837889 0.790191 0.7378 0.758891 0.783714 0.78315 0.775765 0.763164 0.720858 0.82754 0.810043 0.686537 0.697314 0.75886 0.840245 0.750606 0.734852 0.771037 0.818403 0.80363 0.84957 0.78565 0.75638 0.802611 0.805557 0.833742 0.815086 0.822857 0.819121 0.83432 0.787191 0.723993 0.697976 0.652898 0.709044 0.725 0.714561 0.6739 0.725036 0.722322 0.717359 0.67908 0.683158 0.706336 0.694473 0.721753 0.808803 0.819677 0.808531 0.802652 0.777191 0.746137
0.878089 0.836249 0.79763 0.839032 0.821015 0.762365 0.819002 0.812119 0.791911 0.745143 0.687201 0.70693 0.758543 0.840515 0.864103 0.867046 0.833364 0.793351 0.816037 0.816386 0.767785 0.73394 0.688572 0.721599 0.845012 0.680397 0.640524 0.655458 0.711177 0.775136 0.923309 0.716946 0.713788 0.762791 0.767677 0.808539 0.771842 0.674927 0.724917 0.766742 0.777107 0.789665 0.813645 0.768846 0.781201 0.752453 0.714018 0.665659 0.7056 0.669944 0.657123 0.628714 0.666963 0.752341 0.765893 0.753068 0.755243 0.752783 0.743346 0.739099 0.828078 0.82547 0.812636 0.791473 0.801932 0.779115 0.743551
0.883457 0.868035 0.842909 0.909739 0.852386 0.814761 0.829651 0.844781 0.805519 0.732381 0.744356 0.751992 0.800628 0.824931 0.850532 0.843315 0.834361 0.789251 0.76059 0.747176 0.688346 0.644978 0.644876 0.88611 0.746835 0.660705 0.692735 0.733474 0.673821 0.729627 0.743677 0.82624 0.707509 0.739345 0.73283 0.734043 0.727369 0.720006 0.700852 0.719348 0.738375 0.72351 0.719048 0.699207 0.735552 0.726962 0.709733 0.712725 0.747974 0.654303 0.661437 0.700271 0.691543 0.695293 0.720324 0.764443 0.850848 0.878364 0.856298 0.81807 0.826384 0.785694 0.779907 0.822079 0.823263 0.771898 0.700459
0.86951 0.868651 0.848253 0.812303 0.825282 0.843253 0.839125 0.838055 0.821615 0.832764 0.824454 0.818696 0.809326 0.778768 0.814778 0.799353 0.812232 0.790002 0.749856 0.736094 0.71218 0.748304 0.876865 0.788888 0.775839 0.720595 0.733488 0.753349 0.671471 0.676548 0.70839 0.859661 0.811063 0.704433 0.714555 0.719327 0.772028 0.8249 0.722623 0.697373 0.645982 0.685381 0.664706 0.672315 0.755985 0.752356 0.710738 0.711708 0.678877 0.653502 0.735399 0.816989 0.770859 0.771848 0.806405 0.816898 0.813498 0.845642 0.785091 0.795234 0.810119 0.771933 0.775629 0.792591 0.788078 0.72118 0.716201
0.897177 0.907587 0.909307 0.859385 0.814639 0.854054 0.847718 0.821962 0.801044 0.765894 0.828181 0.836261 0.820671 0.777697 0.775693 0.738918 0.748661 0.746076 0.740283 0.762863 0.790704 0.862366 0.710265 0.72218 0.776291 0.737075 0.687449 -9999 -9999 0.70055 0.710799 0.763511 0.871286 0.958224 0.901604 0.892797 0.879359 0.860487 0.872103 0.738872 0.644653 0.631065 0.646408 0.714643 0.758074 0.714946 0.690537 0.707956 0.696334 0.758388 0.916205 0.803599 0.808308 0.866821 0.861635 0.83024 0.777709 0.829056 0.822807 0.785985 0.78252 0.722687 0.669441 0.651145 0.663048 0.731982 0.727424
0.896584 0.87156 0.89367 0.865016 0.843514 0.858636 0.865156 0.786115 0.745827 0.722648 0.722032 0.816516 0.822503 0.809474 0.793802 0.7824 0.813071 0.828852 0.859639 0.868025 0.876601 0.732039 0.685906 0.695287 0.757267 0.736611 -9999 -9999 -9999 0.723181 0.709867 0.72825 0.745326 0.744084 0.832077 0.749282 0.695868 0.642093 0.731951 0.80197 0.676715 0.652383 0.697929 0.774586 0.717565 0.661471 0.715447 0.77746 0.837526 0.863457 0.788663 0.783189 0.825901 0.818639 0.871303 0.833216 0.826766 0.859589 0.857553 0.819152 0.739621 0.739532 0.747085 0.733631 0.726867 0.755334 0.747766
0.901793 0.875696 0.854175 0.83161 0.836795 0.816804 0.818486 0.793215 0.781393 0.765925 0.728021 0.772353 0.758117 0.741216 0.785774 0.782108 0.757957 0.73216 0.778737 0.8683 0.863485 0.747153 0.717932 0.719781 0.738693 -9999 -9999 -9999 -9999 -9999 0.701947 0.663108 0.659313 0.765058 0.799626 0.755282 0.733029 0.66795 0.660836 0.783205 0.925102 0.911591 0.892561 0.797401 0.682033 0.683129 0.764375 0.853314 0.829847 0.83871 0.835091 0.817775 0.817296 0.830232 0.867852 0.867568 0.828202 0.846668 0.837805 0.793567 0.788056 0.776215 0.770615 0.742669 0.725815 0.751275 0.817629
0.873363 0.846376 0.858838 0.817813 0.802118 0.799589 0.816654 0.790332 0.749521 0.747276 0.738744 0.725539 0.717044 0.67658 0.706966 0.755971 0.724701 0.6162 0.704164 0.810548 0.795722 0.821111 0.785021 0.745228 -9999 -9999 -9999 -9999 -9999 -9999 -9999 -9999 -9999 -9999 0.808218 0.789106 0.809805 0.743189 0.674174 0.71366 0.769111 0.705077 0.698135 0.774187 0.88745 0.932956 0.880145 0.787816 0.763583 0.803871 0.832651 0.858831 0.857582 0.857332 0.867835 0.887216 0.811583 0.799901 0.783023 0.758559 0.782254 0.769037 0.778702 0.773518 0.778546 0.837067 0.818386
