input_data/wasim/wasim_run1/input/alm.fzt
ncols	135
nrows	130
xllcorner	22597.5
yllcorner	185062.5
cellsize	100
nodata_value	-9999
[rows 32 to 63 of 130, columns 0 to 70 of 135]
902.902 597.513 549.951 698.713 750.217 598.11 530.344 670.362 73.7668 744.062 894.453 65.448 449.725 734.752 748.309 744.868 736.314 813.547 560.089 522.457 471.939 428.595 487.122 422.395 611.102 688.727 440.68 493.259 548.926 541.382 945.413 618.475 590.226 1066.39 572.325 553.801 623.904 716.292 1193.54 936.211 1000 70.2494 1308.71 85.9763 751.116 829.89 1165.21 1002.29 583.001 898.941 648.176 718.13 1000 48.6236 719.842 966.182 979.273 649.699 558.721 612.232 671.578 921.055 931.011 906.163 599.548 925.816 1166.3 1242.69 1115.65 943.548 900.684
602.639 795.721 543.057 866.292 655.897 558.329 526.383 1004.52 73.7668 726.157 647.089 844.189 65.448 46.2787 46.2787 556.893 552.782 513.805 470.141 474.727 672.329 472.969 543.445 739.77 843.819 517.552 971.854 472.613 454.791 746.781 586.605 611.438 716.608 1103.33 1080.46 776.918 492.333 702.188 758.741 698.482 1204.39 904.759 890.11 77.7194 1284.08 849.582 772.917 742.419 1010.1 38.0327 38.0327 38.0327 38.0327 38.9467 1000 1183.16 1181.81 901.964 963.566 975.781 622.423 945.744 935.161 825.569 805.063 995.073 1046.41 891.517 592.981 561.979 803.57
873.692 873.422 657.966 724.031 648.686 539.41 527.259 732.719 73.7668 800.511 639.843 508.001 452.244 474.326 659.511 485.383 442.318 464.964 763.049 476.741 516.331 812.165 827.281 513.769 616.797 1310.28 497.616 812.699 819.793 844.536 762.522 521.539 520.048 1331.11 1414.21 1414.21 1182.67 644.65 460.272 710.598 571.662 655.288 763.379 956.075 77.7194 897.743 1000 1000 77.7194 677.976 938.384 638.84 777.578 38.9467 1414.21 980.833 767.412 789.874 1149.89 618.394 618.798 885.647 550.847 782.494 842.331 875.356 824.858 793.186 800.986 842.764 615.62
948.668 707.675 1133.85 758.864 616.336 540.312 554.337 787.811 73.7668 783.129 566.89 427.211 406.416 653.989 768.681 725 637.98 771.669 992.417 659.53 731.514 736.879 790.592 900.8 449.601 684.248 887.882 1231.19 738.208 718.228 695.959 1128.7 1073.55 572.72 752.025 686.684 529.875 1414.21 688.945 701.456 741.441 763.616 571.764 641.921 813.827 54.9559 54.9559 77.7194 1339.15 872.364 821.137 822.712 592.374 55.0789 1414.21 927.203 1220.24 672.095 826.293 515.18 582.674 788.887 756.509 550.985 790.529 815.567 805.073 861.912 922.194 926.592 634.712
731.33 768.601 854.86 815.916 704.494 551.161 533.102 1119.84 73.7668 663.68 827.434 762.382 486.986 456.509 437.383 453.134 525.052 671.36 669.908 590.749 729.065 801.623 536.515 845.992 646.671 603.987 927.183 1016.82 1091.14 1058.19 706.48 806.69 1356.54 570.233 931.732 1132.61 544.539 663.794 1384.6 809.631 836.84 821.074 820.642 842.984 591.127 695.776 960.452 657.279 816.729 635.499 704.25 519.09 780.565 644.365 55.0789 1405.48 835.691 1011.89 835.741 817.375 585.743 568.336 823.16 819.36 905.139 861.117 849.881 967.872 973.576 690.22 1428.5
763.619 795.135 1266 837.6 734.176 580.985 532.641 742.704 73.7668 697.892 567.839 493.841 414.465 437.853 715.961 629.415 537.961 484.527 789.909 656.173 790.832 597.699 913.378 586.941 493.835 631.651 1001.55 1034.45 1052.74 924.302 992.246 1137.33 693.049 73.7289 643.011 654.031 769.832 500.317 507.036 1286.92 550.047 579.536 905.801 770.764 785.548 509.789 476.923 467.463 370.34 427.907 562.793 657.564 700.289 560.372 630.261 38.9467 55.0789 826.937 649.892 676.93 1428.5 1009.08 758.066 1166.73 1001.77 631.664 1093.87 1133.92 768.395 915.71 58.6441
759.581 1079 1098.53 791.398 1141.08 596.891 538.644 745.992 73.7668 862.627 531.558 421.069 405.279 452.116 756.613 718.624 672.726 563.2 977.276 784.911 560.383 688.559 916.346 571.003 492.864 845.213 975.869 1114.7 1055.31 749.65 930.035 1160.65 1007.89 73.7289 1068.56 1099.53 996.502 670.898 523.368 499.335 1414.21 801.773 718.333 483.243 392.382 425.898 412.928 360.696 491.481 804.061 389.815 549.553 478.329 703.966 815.854 907.509 712.708 55.0789 712.301 714.19 38.9467 32.1615 32.1615 32.1615 32.1615 45.4832 880.667 717.943 32.1615 82.9353 1000
772.341 721.387 765.826 890.176 754.301 62.8177 62.8177 1010.1 73.7668 1191.63 471.904 433.28 733.615 680.532 504.111 767.773 694.866 598.705 836.001 805.857 592.53 59.9521 760.726 694.693 469.302 1000 862.597 985.783 1034.85 837.849 1351.19 1049 733.563 73.7289 848.279 1414.21 1000 1414.21 612.74 499.14 746.887 1225.15 533.355 674.737 605.424 731.441 659.001 614.173 707.504 593.99 916.986 405.393 573.573 653.3 676.901 521.261 548.716 693.537 38.9467 55.0789 1263.02 1325.61 869.762 730.328 737.839 785.345 32.1615 45.4832 42.1554 925.955 665.762
713.309 863.179 864.749 970.93 1230.74 619.938 580.637 1010.1 632.7 801.283 585.803 483.723 481.529 738.394 794.304 894.983 1208.37 60.6481 523.324 509.993 946.89 84.7851 453.633 411.135 686.344 1368.08 512.175 957.297 763.953 1214.29 1131.74 732.076 1176.67 73.7289 930.347 825.587 1404.19 642.939 673.317 553.219 677.453 684.809 823.824 634.865 489.14 963.361 774.613 617.479 425.951 482.733 503.725 928.838 670.113 628.166 463.914 680.914 739.573 819.647 953.873 669.121 1033.54 720.591 746.963 1128.63 1082.55 977.817 934.458 780.411 29.8083 1084.07 581.374
924.284 813.92 573.275 622.787 1081.72 655.522 809.658 629.837 1010.1 903.82 665.666 557.74 516.251 60.6481 42.8847 42.8847 42.8847 1000 60.6481 59.9521 59.9521 1088.17 627.116 491.701 432.038 723.265 884.07 687.718 743.022 1334.55 1370 967.078 969.998 104.268 1414.21 1414.21 769.554 904.956 873.257 664.526 721.957 630.236 599.05 560.743 505.94 560.004 845.21 528.7 793.886 951.002 699.829 573.171 796.867 519.458 649.885 451.709 713.134 865.252 1030 944.79 1001.83 1060.57 679.479 1065.01 776.571 1130.42 933.427 42.1554 648.54 670.12 947.901
582.865 791.461 754.918 727.965 830.64 918.29 902.178 884.01 59.634 680.103 60.6481 42.8847 42.8847 447.368 758.114 1285.23 624.581 670.596 645.851 1428.5 625.039 614.625 548.387 520.002 470.01 850.521 572.02 1011.21 1345.82 908.973 1000 84.4846 84.4846 84.4846 70.6331 1000 810.034 49.9451 70.6331 785.817 838.444 695.239 631.388 604.714 570.126 1000 503.705 515.137 577.885 1101.36 953.799 1414.21 586.91 705.692 773.959 750.303 729.276 553.234 1066.47 1299.13 1047.31 717.961 1103.14 906.885 1257.43 1105.4 685.37 29.8083 735.162 681.549 950.231
545.993 782.971 726.908 754.469 745.49 608.297 907.89 84.3353 618.058 604.683 59.8124 637.538 464.504 501.668 991.99 568.973 743.19 761.487 721.29 750.888 842.594 505.338 480.325 662.934 678.529 1200.64 476.12 573.796 861.638 975.121 1414.21 1000 1414.21 1414.21 1000 49.9451 70.6331 1000 1203.81 70.6331 634.575 790.288 484.8 677.036 488.749 623.725 629.261 507.533 488.853 720.62 77.8399 1000 1414.21 1020.9 756.654 505.036 822.649 857.878 581.601 910.701 643.909 774.808 1406.57 1414.21 685.292 672.737 42.1554 787.606 1098.18 657.08 885.166
842.95 495.109 484.079 685.474 518.909 800.431 84.3353 555.793 914.762 574.243 42.2937 1069.19 510.388 507.246 806.454 687.815 475.571 604.242 599.793 722.781 464.209 770.284 796.361 646.09 567.055 459.174 723.774 528.111 810.785 1414.21 1000 1000 1414.21 1414.21 1414.21 1414.21 1000 920.673 703.83 1172.29 49.9451 616.819 546.952 522.627 502.175 490.583 442.96 463.338 720.551 1046.09 1408.93 55.0411 888.279 1168.7 806.492 778.023 533.927 522.592 901.33 707.054 752.37 76.7506 76.7506 76.7506 612.573 42.1554 1000 921.986 688.755 872.886 791.222
613.344 1000 488.149 458.016 801.108 759.541 451.443 477.239 504.467 822.123 616.099 59.8124 632.67 544.552 650.177 419.055 779.107 852.352 466.625 722.28 1000 751.54 959.198 805.125 537.32 530.902 813.926 648.599 645.416 918.237 1000 1000 1414.21 1414.21 911.396 1000 1000 1414.21 759.922 637.918 70.6331 736.867 648.302 589.288 561.662 523.558 491.088 513.093 537.296 939.451 593.222 55.0411 605.781 621.676 560.062 604.75 588.01 608.653 631.892 757.68 108.542 981.639 1213.54 67.3072 793.058 800.42 46.9634 775.052 685.258 793.998 705.865
970.519 798.158 607.144 842.846 915.118 538.335 566.486 784.122 529.879 534.127 856.223 40.7702 53.5597 37.8724 37.8724 37.8724 63.3296 63.3296 521.013 504.079 718.762 89.5616 63.3296 737.628 748.762 893.897 502.414 1000 525.984 1119.08 1414.21 1370.13 884.021 858.634 95.852 135.555 1000 1000 675.329 654.751 1232.71 70.6331 1080.25 623.498 588.221 553.221 553.339 543.32 478.097 564.539 831.983 77.8399 954.063 598.657 717 740.432 698.084 1079.22 971.419 999.754 756.144 821.874 67.3072 924.933 1284.19 1414.21 33.2081 1063.6 553.447 566.362 676.252
684.112 725.01 1269.14 1137.97 722.619 838.311 1174.72 636.593 601.557 558.704 851.307 40.7702 831.584 897.457 814.271 54.4824 478.301 621.626 89.5616 581.771 63.3296 930.415 1041.25 89.5616 1000 703.238 539.326 565.888 734.343 561.282 1179.08 1340.73 822.484 775.633 1000 1000 135.555 1414.21 789.864 560.146 1009.12 1293.19 70.6331 1060.2 993.129 604.136 628.694 599.526 960.963 543.571 768.575 715.85 77.8399 613.897 642.925 685.174 1094.97 1196.75 701.144 1052.54 774.135 67.3072 1414.21 828.889 733.383 46.9634 807.794 612.86 894.126 806.504 436.963
1102.61 1163.13 856.066 1094.05 838.242 1414.21 1414.21 1414.21 646.997 770.396 896.747 40.7702 715.805 823.073 758.942 720.386 77.0497 54.4824 54.4824 89.5616 63.3296 474.848 583.723 1000 1000 1414.21 1115.02 612.429 825.519 718.78 822.865 789.363 835.339 653.924 1192.12 1000 1414.21 95.852 1414.21 673.571 533.852 1202.77 1000 70.6331 1374.53 1192.77 1074.31 1033.71 660.671 667.414 948.767 885.611 809.364 55.0411 581.645 606.83 638.11 676.813 852.818 605.298 727.776 47.5934 1000 876.583 1172.33 33.2081 690.883 1045.66 903.64 500.474 437.36
833.581 955.443 1414.21 1329.49 1356.38 795.911 820.485 1000 1247.84 643.119 947.646 40.7702 618.374 743.495 644.156 633.435 671.828 941.848 1414.21 77.0497 634.314 537.654 862.946 995.978 1414.21 1414.21 653.549 493.8 512.613 806.647 511.859 582.033 1084.48 810.368 678.138 1295.35 919.94 95.852 976.854 1178.64 622.062 560.286 808.889 925.338 49.9451 70.6331 1236.94 729.001 652.643 667.091 909.799 595.794 864.838 77.8399 694.412 647.017 612.632 885.957 595.433 828.774 67.3072 856.512 1000 1154.05 804.614 33.2081 773.973 645.339 884.897 701.714 431.843
1194.11 1137.58 1105.81 1309.44 1414.21 874.769 750.116 1000 746.722 67.8067 57.6577 763.193 570.867 637.067 586.524 676.268 749.516 931.915 581.045 556.937 77.0497 1111.62 1407.15 1414.21 659.428 568.543 652.588 650.263 907.302 672.614 502.735 592.096 711.765 689 1069.59 70.4143 70.4143 77.0784 1414.21 1000 1414.21 755.366 622.36 1025.25 691.607 635.238 40.2665 40.2665 40.2665 44.1939 44.1939 44.1939 44.1939 44.1939 47.5934 47.5934 47.5934 47.5934 47.5934 67.3072 728.35 791.049 1355.65 751.848 925.943 33.2081 1321.38 708.238 964.005 459.415 643.321
1165.79 1141.01 914.452 723.001 723.912 820.251 1000 67.8067 95.8931 755.852 110.734 837.166 762.82 609.554 734.371 971.406 1073.62 1414.21 930.229 822.596 1414.21 1238.52 672.905 540.02 642.174 769.606 704.637 1178.8 869.435 588.28 493.171 914.046 742.072 751.463 99.5808 1107.21 629.945 787.216 77.0784 1414.21 1414.21 1145.28 1414.21 1000 1172.97 54.5027 54.5027 1050.5 1428.5 941.422 824.317 757.863 1227.5 914.274 590.903 611.117 625.427 890.659 619.723 686.647 1070.86 618.426 743.204 1292.61 78.2937 33.2081 1210.45 823.047 581.61 501.624 685.705
816.26 844.272 742.803 871.788 725.908 784.218 1414.21 1414.21 774.817 738.675 110.734 689.905 486.206 488.092 1048.7 1414.21 1036.43 1048.37 1090.36 1000 1000 792.823 538.894 407.105 580.924 1019.53 516.036 498.092 720.608 845.454 546.793 551.432 829.997 1414.21 1000 1414.21 593.296 670.549 790.649 54.5027 54.5027 54.5027 54.5027 54.5027 77.0784 714.083 915.793 910.997 546.145 681.358 876.362 594.894 567.087 564.186 549.058 806.002 497.862 489.326 521.692 602.419 809.572 768.39 695.273 110.724 1000 945.715 49.6951 635.012 559.127 794.055 470.37
802.907 792.124 919.239 1350.65 712.945 1055.61 913.484 69.5049 69.5049 98.2948 870.218 56.8222 712.265 901.88 1357.92 1414.21 80.3587 56.8222 782.209 891.139 1082.26 578.008 598.718 383.561 766.37 518.147 703.959 880.582 506.005 757.597 1339.61 476.979 840.458 1033.58 851.058 1414.21 915.812 476.143 838.747 627.143 675.434 1414.21 1000 950.889 777.808 949.028 870.928 754.646 488.102 537.714 473.021 410.451 475.986 899.363 661.015 596.365 564.262 525.27 529.233 615.293 799.262 949.195 721.15 78.2937 1414.21 1414.21 996.55 49.6951 546.104 512.715 496.353
1162.56 764.753 1278.64 1414.21 1136.5 744.2 98.2948 1378.12 1008.75 90.977 602.711 618.911 80.3587 680.581 1231.94 80.3587 734.659 694.819 905.32 828.92 530.975 628.906 507.149 981.462 432.856 549.959 1414.21 1414.21 578.166 733.487 784.913 870.982 475.981 841.892 614.692 679.089 804.656 429.313 444.205 485.681 861.065 656.717 999.209 601.758 794.342 571.561 572.18 525.598 876.091 487.431 398.511 400.457 443.101 534.628 817.785 628.2 1414.21 1414.21 1044.35 681.979 976.239 664.159 839.73 78.2937 1414.21 1414.21 755.46 35.1398 847.188 786.592 481.948
1309.43 964.476 883.408 1320.57 998.283 1414.21 930.45 921.3 1414.21 64.3304 1176.23 1148.1 1249.64 80.3587 56.8222 676.847 599.905 559.395 507.499 672.77 458.774 471.682 1160.2 480.238 563.989 761.577 706.203 785.596 1010.1 529.665 629.618 630.132 789.664 752.122 514.695 592.836 545.091 831.124 620.322 405.508 677.879 563.085 518.145 470.247 580.889 880.381 583.159 546.159 774.799 426.198 446.899 829.185 764.788 586.352 642.61 613.877 711.114 61.8188 61.8188 61.8188 61.8188 61.8188 78.2937 78.2937 1000 637.372 568.349 670.82 49.6951 538.833 513.692
1000 1414.21 1414.21 789.539 1168.93 1414.21 72.8065 72.8065 72.8065 64.3304 700.985 1086.1 788.315 655.176 852.814 746.377 686.043 670.053 638.332 706.134 535.158 1414.21 772.858 503.644 750.151 576.553 634.704 -9999 -9999 515.567 463.608 631.554 982.55 1000 859.912 1000 786.567 658.091 1032.96 637.984 407.245 469.353 448.216 450.398 824.429 868.482 504.949 482.058 483.285 513.071 1329.06 770.955 1010.6 817.414 745.399 676.545 1036.31 1268.17 672.936 629.84 721.558 68.8056 553.411 582.996 542.488 541.093 594.59 1383.69 35.1398 596.162 493.777
1414.21 1414.21 1000 1277.07 939.011 102.964 1000 1031.83 698.264 648.089 1428.5 624.218 1084.75 634.017 765.442 511.637 756.954 778.866 894.277 947.295 708.316 524.135 874.792 861.412 552.079 807.276 -9999 -9999 -9999 690.926 466.605 425.678 438.868 827.344 588.817 844.449 548.497 483.058 535.559 869.374 420.092 415.387 427.754 752.354 724.163 502.215 458.878 528.06 670.102 726.992 579.246 709.212 706.108 1360.12 1414.21 1017.22 714.017 1189.87 1049.79 934.044 68.8056 568.412 557.341 526.303 556.91 890.204 597.583 692.309 35.1398 998.481 480.41
934.828 832.655 770.514 842.627 102.964 909.025 1283.44 1033.72 700.15 659.31 569.055 881.613 851.565 835.018 541.592 827.062 1134.73 566.418 472.255 910.921 685.535 495.448 581.192 589.021 579.464 -9999 -9999 -9999 -9999 -9999 649.635 447.29 468.34 512.922 582.008 641.666 1099.79 747.889 410.696 456.681 953.273 952.696 776.001 805.053 690.28 460.853 720.842 1019.28 906.389 678.233 674.056 687.924 1228.97 976.726 1414.21 799.731 652.172 740.541 717.633 68.8056 708.061 683.776 963.8 636.049 596.023 814.351 778.433 581.73 35.1398 561.494 477.586
775.143 1247.04 1106.98 1068.58 700.885 718.62 718.177 647.765 653.789 648.703 529.108 699.262 462.916 502.391 657.349 670.883 564.44 899.042 560.25 518.448 504.049 622.335 568.044 819.296 -9999 -9999 -9999 -9999 -9999 -9999 -9999 -9999 -9999 -9999 573.979 895.069 692.898 871.018 506.695 604.063 500.489 735.486 468.839 845.328 762.225 1000 707.747 491.757 589.393 1049.79 1258.32 1414.21 798.337 68.0572 96.2474 958.591 68.0572 68.0572 68.8056 694.184 1128.15 684.912 601.983 615.57 614.949 1137.74 678.971 1013.8 35.1398 609.044 863.626
922.218 830.964 1106.07 948.096 553.797 533.855 588.536 549.011 476.988 509.838 666.29 437.074 613.686 535.438 688.322 844.897 1026.79 753.152 1120.49 506.446 493.407 542.413 815.396 -9999 -9999 -9999 -9999 -9999 -9999 -9999 -9999 -9999 -9999 -9999 -9999 -9999 -9999 -9999 717.304 483.696 481.08 695.844 506.383 665.989 887.82 951.6 552.792 720.642 573.786 685.959 872.273 68.0572 96.2474 1000.41 728.193 96.2474 672.669 656.023 1010.1 673.266 654.79 623.226 821.801 869.287 923.565 827.688 1047.45 49.6951 902.639 1138.29 627.268
873.574 510.423 793.224 564.625 592.046 509.199 531.278 599.011 595.834 579.496 563.372 1149.44 1414.21 703.261 947.981 1120.3 1069.11 787.505 760.61 625.234 537.544 758.016 -9999 -9999 -9999 -9999 -9999 -9999 -9999 -9999 -9999 -9999 -9999 -9999 -9999 -9999 -9999 -9999 -9999 -9999 -9999 -9999 692.196 517.713 560.952 873.473 706.285 758.166 624.248 826.295 942.809 618.225 854.164 516.889 445.629 549.167 805.752 895.651 635.749 991.879 646.22 751.447 710.063 745.726 1414.21 795.463 1133.33 35.1398 1000 1255.15 580.25
861.104 1121.21 931.748 1000 1000 1000 951.449 800.637 675.169 843.578 1085.67 1001.59 1000 618.423 855.225 812.17 597.756 600.214 577.926 802.413 564.315 -9999 -9999 -9999 -9999 -9999 -9999 -9999 -9999 -9999 -9999 -9999 -9999 -9999 -9999 -9999 -9999 -9999 -9999 -9999 -9999 -9999 -9999 -9999 -9999 879.639 657.238 865.068 994.151 479.17 482.63 520.926 468.435 434.791 477.309 462.083 796.985 651.449 1107.14 713.969 547.515 582.05 786.537 1146.91 1400.34 790.315 1047.3 35.1398 57.4838 746.939 533.613
647.884 826.553 506.06 575.808 539.484 490.422 472.39 513.154 773.605 970.368 1053.9 789.015 750.613 1001.97 622.204 599.214 592.659 837.22 -9999 -9999 -9999 -9999 -9999 -9999 -9999 -9999 -9999 -9999 -9999 -9999 -9999 -9999 -9999 -9999 -9999 -9999 -9999 -9999 -9999 -9999 -9999 -9999 -9999 -9999 -9999 -9999 1010.1 636.146 488.872 591.83 454.031 454.738 435.141 552.553 469.132 718.779 506.878 886.58 763.58 608.824 525.594 1212.65 984.438 1000 983.423 1191.48 69.5671 833.196 57.4838 702.322 831.598
