input_data/wasim/wasim_run1/input/alm.intern.cy
ncols	135
nrows	130
xllcorner	22597.500000
yllcorner	185062.500000
cellsize	100.000000
nodata_value	-9999.000000
[rows 33 to 65 of 130, columns 0 to 73 of 135]
-9999 -9999 -9999 -9999 -9999 -9999 -9999 -9999 -9999 -9999 -9999 -9999 -9999 -9999 -9999 -9999 -9999 -9999 -9999 -9999 -9999 -9999 -9999 -9999 -9999 -9999 -9999 194663 194663 194663 194663 194663 194663 194663 194663 194663 194663 194663 194663 194663 194663 194663 194663 194663 194663 194663 194663 194663 194663 194663 194663 194663 194663 194663 194663 194663 194663 194663 194663 194663 194663 194663 194663 194663 194663 194663 194663 194663 194663 194663 194663 194663 194663 194663
-9999 -9999 -9999 -9999 -9999 -9999 -9999 -9999 -9999 -9999 -9999 -9999 -9999 -9999 -9999 -9999 -9999 -9999 -9999 -9999 -9999 -9999 -9999 -9999 -9999 -9999 194563 194563 194563 194563 194563 194563 194563 194563 194563 194563 194563 194563 194563 194563 194563 194563 194563 194563 194563 194563 194563 194563 194563 194563 194563 194563 194563 194563 194563 194563 194563 194563 194563 194563 194563 194563 194563 194563 194563 194563 194563 194563 194563 194563 194563 194563 194563 194563
-9999 -9999 -9999 -9999 -9999 -9999 -9999 -9999 -9999 -9999 -9999 -9999 -9999 -9999 -9999 -9999 -9999 -9999 -9999 -9999 -9999 -9999 -9999 -9999 -9999 -9999 194463 194463 194463 194463 194463 194463 194463 194463 194463 194463 194463 194463 194463 194463 194463 194463 194463 194463 194463 194463 194463 194463 194463 194463 194463 194463 194463 194463 194463 194463 194463 194463 194463 194463 194463 194463 194463 194463 194463 194463 194463 194463 194463 194463 194463 194463 194463 194463
-9999 -9999 -9999 -9999 -9999 -9999 -9999 -9999 -9999 -9999 -9999 -9999 -9999 -9999 -9999 -9999 -9999 -9999 -9999 -9999 -9999 -9999 -9999 -9999 -9999 -9999 194363 194363 194363 194363 194363 194363 194363 194363 194363 194363 194363 194363 194363 194363 194363 194363 194363 194363 194363 194363 194363 194363 194363 194363 194363 194363 194363 194363 194363 194363 194363 194363 194363 194363 194363 194363 194363 194363 194363 194363 194363 194363 194363 194363 194363 194363 194363 194363
-9999 -9999 -9999 -9999 -9999 -9999 -9999 -9999 -9999 -9999 -9999 -9999 -9999 -9999 -9999 -9999 -9999 -9999 -9999 -9999 -9999 -9999 -9999 -9999 -9999 -9999 194263 194263 194263 194263 194263 194263 194263 194263 194263 194263 194263 194263 194263 194263 194263 194263 194263 194263 194263 194263 194263 194263 194263 194263 194263 194263 194263 194263 194263 194263 194263 194263 194263 194263 194263 194263 194263 194263 194263 194263 194263 194263 194263 194263 194263 194263 194263 194263
-9999 -9999 -9999 -9999 -9999 -9999 -9999 -9999 -9999 -9999 -9999 -9999 -9999 -9999 -9999 -9999 -9999 -9999 -9999 -9999 -9999 -9999 -9999 -9999 -9999 -9999 194163 194163 194163 194163 194163 194163 194163 194163 194163 194163 194163 194163 194163 194163 194163 194163 194163 194163 194163 194163 194163 194163 194163 194163 194163 194163 194163 194163 194163 194163 194163 194163 194163 194163 194163 194163 194163 194163 194163 194163 194163 194163 194163 194163 194163 194163 194163 194163
-9999 -9999 -9999 -9999 -9999 -9999 -9999 -9999 -9999 -9999 -9999 -9999 -9999 -9999 -9999 -9999 -9999 -9999 -9999 -9999 -9999 -9999 -9999 -9999 -9999 -9999 194063 194063 194063 194063 194063 194063 194063 194063 194063 194063 194063 194063 194063 194063 194063 194063 194063 194063 194063 194063 194063 194063 194063 194063 194063 194063 194063 194063 194063 194063 194063 194063 194063 194063 194063 194063 194063 194063 194063 194063 194063 194063 194063 194063 194063 194063 194063 194063
-9999 -9999 -9999 -9999 -9999 -9999 -9999 -9999 -9999 -9999 -9999 -9999 -9999 -9999 -9999 -9999 -9999 -9999 -9999 -9999 -9999 -9999 -9999 -9999 -9999 -9999 193963 193963 193963 193963 193963 193963 193963 193963 193963 193963 193963 193963 193963 193963 193963 193963 193963 193963 193963 193963 193963 193963 193963 193963 193963 193963 193963 193963 193963 193963 193963 193963 193963 193963 193963 193963 193963 193963 193963 193963 193963 193963 193963 193963 193963 193963 193963 193963
-9999 -9999 -9999 -9999 -9999 -9999 -9999 -9999 -9999 -9999 -9999 -9999 -9999 -9999 -9999 -9999 -9999 -9999 -9999 -9999 -9999 -9999 -9999 -9999 -9999 -9999 193863 193863 193863 193863 193863 193863 193863 193863 193863 193863 193863 193863 193863 193863 193863 193863 193863 193863 193863 193863 193863 193863 193863 193863 193863 193863 193863 193863 193863 193863 193863 193863 193863 193863 193863 193863 193863 193863 193863 193863 193863 193863 193863 193863 193863 193863 193863 193863
-9999 -9999 -9999 -9999 -9999 -9999 -9999 -9999 -9999 -9999 -9999 -9999 -9999 -9999 -9999 -9999 -9999 -9999 -9999 -9999 -9999 -9999 -9999 -9999 -9999 -9999 193763 193763 193763 193763 193763 193763 193763 193763 193763 193763 193763 193763 193763 193763 193763 193763 193763 193763 193763 193763 193763 193763 193763 193763 193763 193763 193763 193763 193763 193763 193763 193763 193763 193763 193763 193763 193763 193763 193763 193763 193763 193763 193763 193763 193763 193763 193763 193763
-9999 -9999 -9999 -9999 -9999 -9999 -9999 -9999 -9999 -9999 -9999 -9999 -9999 -9999 -9999 -9999 -9999 -9999 -9999 -9999 -9999 -9999 -9999 -9999 -9999 -9999 193663 193663 193663 193663 193663 193663 193663 193663 193663 193663 193663 193663 193663 193663 193663 193663 193663 193663 193663 193663 193663 193663 193663 193663 193663 193663 193663 193663 193663 193663 193663 193663 193663 193663 193663 193663 193663 193663 193663 193663 193663 193663 193663 193663 193663 193663 193663 193663
-9999 -9999 -9999 -9999 -9999 -9999 -9999 -9999 -9999 -9999 -9999 -9999 -9999 -9999 -9999 -9999 -9999 -9999 -9999 -9999 -9999 -9999 -9999 -9999 -9999 -9999 193563 193563 193563 193563 193563 193563 193563 193563 193563 193563 193563 193563 193563 193563 193563 193563 193563 193563 193563 193563 193563 193563 193563 193563 193563 193563 193563 193563 193563 193563 193563 193563 193563 193563 193563 193563 193563 193563 193563 193563 193563 193563 193563 193563 193563 193563 193563 193563
-9999 -9999 -9999 -9999 -9999 -9999 -9999 -9999 -9999 -9999 -9999 -9999 -9999 -9999 -9999 -9999 -9999 -9999 -9999 -9999 -9999 -9999 -9999 -9999 -9999 -9999 -9999 193463 193463 193463 193463 193463 193463 193463 193463 193463 193463 193463 193463 193463 193463 193463 193463 193463 193463 193463 193463 193463 193463 193463 193463 193463 193463 193463 193463 193463 193463 193463 193463 193463 193463 193463 193463 193463 193463 193463 193463 193463 193463 193463 193463 193463 193463 193463
-9999 -9999 -9999 -9999 -9999 -9999 -9999 -9999 -9999 -9999 -9999 -9999 -9999 -9999 -9999 -9999 -9999 -9999 -9999 -9999 -9999 -9999 -9999 -9999 -9999 -9999 -9999 -9999 193363 193363 193363 193363 193363 193363 193363 193363 193363 193363 193363 193363 193363 193363 193363 193363 193363 193363 193363 193363 193363 193363 193363 193363 193363 193363 193363 193363 193363 193363 193363 193363 193363 193363 193363 193363 193363 193363 193363 193363 193363 193363 193363 193363 193363 193363
-9999 -9999 -9999 -9999 -9999 -9999 -9999 -9999 -9999 -9999 -9999 -9999 -9999 -9999 -9999 -9999 -9999 -9999 -9999 -9999 -9999 -9999 -9999 -9999 -9999 -9999 -9999 -9999 193263 193263 193263 193263 193263 193263 193263 193263 193263 193263 193263 193263 193263 193263 193263 193263 193263 193263 193263 193263 193263 193263 193263 193263 193263 193263 193263 193263 193263 193263 193263 193263 193263 193263 193263 193263 193263 193263 193263 193263 193263 193263 193263 193263 193263 193263
-9999 -9999 -9999 -9999 -9999 -9999 -9999 -9999 -9999 -9999 -9999 -9999 -9999 -9999 -9999 -9999 -9999 -9999 -9999 -9999 -9999 -9999 -9999 -9999 -9999 -9999 -9999 -9999 -9999 193163 193163 193163 193163 193163 193163 193163 193163 193163 193163 193163 193163 193163 193163 193163 193163 193163 193163 193163 193163 193163 193163 193163 193163 193163 193163 193163 193163 193163 193163 193163 193163 193163 193163 193163 193163 193163 193163 193163 193163 193163 193163 193163 193163 193163
-9999 -9999 -9999 -9999 -9999 -9999 -9999 -9999 -9999 -9999 -9999 -9999 -9999 -9999 -9999 -9999 -9999 -9999 -9999 -9999 -9999 -9999 -9999 -9999 -9999 -9999 -9999 -9999 -9999 193063 193063 193063 193063 193063 193063 193063 193063 193063 193063 193063 193063 193063 193063 193063 193063 193063 193063 193063 193063 193063 193063 193063 193063 193063 193063 193063 193063 193063 193063 193063 193063 193063 193063 193063 193063 193063 193063 193063 193063 193063 193063 193063 193063 193063
-9999 -9999 -9999 -9999 -9999 -9999 -9999 -9999 -9999 -9999 -9999 -9999 -9999 -9999 -9999 -9999 -9999 -9999 -9999 -9999 -9999 -9999 -9999 -9999 -9999 -9999 -9999 -9999 -9999 192963 192963 192963 192963 192963 192963 192963 192963 192963 192963 192963 192963 192963 192963 192963 192963 192963 192963 192963 192963 192963 192963 192963 192963 192963 192963 192963 192963 192963 192963 192963 192963 192963 192963 192963 192963 192963 192963 192963 192963 192963 192963 192963 192963 192963
-9999 -9999 -9999 -9999 -9999 -9999 -9999 -9999 -9999 -9999 -9999 -9999 -9999 -9999 -9999 -9999 -9999 -9999 -9999 -9999 -9999 -9999 -9999 -9999 -9999 -9999 -9999 -9999 -9999 192863 192863 192863 192863 192863 192863 192863 192863 192863 192863 192863 192863 192863 192863 192863 192863 192863 192863 192863 192863 192863 192863 192863 192863 192863 192863 192863 192863 192863 192863 192863 192863 192863 192863 192863 192863 192863 192863 192863 192863 192863 192863 192863 192863 192863
-9999 -9999 -9999 -9999 -9999 -9999 -9999 -9999 -9999 -9999 -9999 -9999 -9999 -9999 -9999 -9999 -9999 -9999 -9999 -9999 -9999 -9999 -9999 -9999 -9999 -9999 -9999 -9999 -9999 -9999 192763 192763 192763 192763 192763 192763 192763 192763 192763 192763 192763 192763 192763 192763 192763 192763 192763 192763 192763 192763 192763 192763 192763 192763 192763 192763 192763 192763 192763 192763 192763 192763 192763 192763 192763 192763 192763 192763 192763 192763 192763 192763 192763 192763
-9999 -9999 -9999 -9999 -9999 -9999 -9999 -9999 -9999 -9999 -9999 -9999 -9999 -9999 -9999 -9999 -9999 -9999 -9999 -9999 -9999 -9999 -9999 -9999 -9999 -9999 -9999 -9999 -9999 -9999 192663 192663 192663 192663 192663 192663 192663 192663 192663 192663 192663 192663 192663 192663 192663 192663 192663 192663 192663 192663 192663 192663 192663 192663 192663 192663 192663 192663 192663 192663 192663 192663 192663 192663 192663 192663 192663 192663 192663 192663 192663 192663 192663 192663
-9999 -9999 -9999 -9999 -9999 -9999 -9999 -9999 -9999 -9999 -9999 -9999 -9999 -9999 -9999 -9999 -9999 -9999 -9999 -9999 -9999 -9999 -9999 -9999 -9999 -9999 -9999 -9999 -9999 -9999 -9999 192563 192563 192563 192563 192563 192563 192563 192563 192563 192563 192563 192563 192563 192563 192563 192563 192563 192563 192563 192563 192563 192563 192563 192563 192563 192563 192563 192563 192563 192563 192563 192563 192563 192563 192563 192563 192563 192563 192563 192563 192563 192563 192563
-9999 -9999 -9999 -9999 -9999 -9999 -9999 -9999 -9999 -9999 -9999 -9999 -9999 -9999 -9999 -9999 -9999 -9999 -9999 -9999 -9999 -9999 -9999 -9999 -9999 -9999 -9999 -9999 -9999 -9999 -9999 -9999 192463 192463 192463 192463 192463 192463 192463 192463 192463 192463 192463 192463 192463 192463 192463 192463 192463 192463 192463 192463 192463 192463 192463 192463 192463 192463 192463 192463 192463 192463 192463 192463 192463 192463 192463 192463 192463 192463 192463 192463 192463 192463
-9999 -9999 -9999 -9999 -9999 -9999 -9999 -9999 -9999 -9999 -9999 -9999 -9999 -9999 -9999 -9999 -9999 -9999 -9999 -9999 -9999 -9999 -9999 -9999 -9999 -9999 -9999 -9999 -9999 -9999 -9999 -9999 -9999 -9999 192363 192363 -9999 -9999 192363 192363 192363 192363 192363 192363 192363 192363 192363 192363 192363 192363 192363 192363 192363 192363 192363 192363 192363 192363 192363 192363 192363 192363 192363 192363 192363 192363 192363 192363 192363 192363 192363 192363 192363 192363
-9999 -9999 -9999 -9999 -9999 -9999 -9999 -9999 -9999 -9999 -9999 -9999 -9999 -9999 -9999 -9999 -9999 -9999 -9999 -9999 -9999 -9999 -9999 -9999 -9999 -9999 -9999 -9999 -9999 -9999 -9999 -9999 -9999 -9999 -9999 -9999 -9999 -9999 -9999 192263 192263 192263 192263 192263 192263 192263 192263 192263 192263 192263 192263 192263 192263 192263 192263 192263 192263 192263 192263 192263 192263 192263 192263 192263 192263 192263 192263 192263 192263 192263 192263 192263 192263 192263
-9999 -9999 -9999 -9999 -9999 -9999 -9999 -9999 -9999 -9999 -9999 -9999 -9999 -9999 -9999 -9999 -9999 -9999 -9999 -9999 -9999 -9999 -9999 -9999 -9999 -9999 -9999 -9999 -9999 -9999 -9999 -9999 -9999 -9999 -9999 -9999 -9999 -9999 -9999 -9999 192163 192163 192163 192163 192163 192163 192163 192163 192163 192163 192163 192163 192163 192163 192163 192163 192163 192163 192163 192163 192163 192163 192163 192163 192163 192163 192163 192163 192163 192163 192163 192163 192163 192163
-9999 -9999 -9999 -9999 -9999 -9999 -9999 -9999 -9999 -9999 -9999 -9999 -9999 -9999 -9999 -9999 -9999 -9999 -9999 -9999 -9999 -9999 -9999 -9999 -9999 -9999 -9999 -9999 -9999 -9999 -9999 -9999 -9999 -9999 -9999 -9999 -9999 -9999 -9999 -9999 -9999 -9999 -9999 -9999 192063 192063 192063 192063 192063 192063 192063 192063 192063 192063 192063 192063 192063 192063 192063 192063 192063 192063 192063 192063 192063 192063 192063 192063 192063 192063 192063 192063 192063 192063
-9999 -9999 -9999 -9999 -9999 -9999 -9999 -9999 -9999 -9999 -9999 -9999 -9999 -9999 -9999 -9999 -9999 -9999 -9999 -9999 -9999 -9999 -9999 -9999 -9999 -9999 -9999 -9999 -9999 -9999 -9999 -9999 -9999 -9999 -9999 -9999 -9999 -9999 -9999 -9999 -9999 -9999 -9999 -9999 -9999 -9999 -9999 191963 191963 191963 191963 191963 191963 191963 191963 191963 191963 191963 191963 191963 191963 191963 191963 191963 191963 191963 191963 191963 191963 191963 191963 191963 191963 191963
-9999 -9999 -9999 -9999 -9999 -9999 -9999 -9999 -9999 -9999 -9999 -9999 -9999 -9999 -9999 -9999 -9999 -9999 -9999 -9999 -9999 -9999 -9999 -9999 -9999 -9999 -9999 -9999 -9999 -9999 -9999 -9999 -9999 -9999 -9999 -9999 -9999 -9999 -9999 -9999 -9999 -9999 -9999 -9999 -9999 -9999 -9999 -9999 191863 191863 191863 191863 191863 191863 191863 191863 191863 191863 191863 191863 191863 191863 191863 191863 191863 191863 191863 191863 191863 191863 191863 191863 191863 191863
-9999 -9999 -9999 -9999 -9999 -9999 -9999 -9999 -9999 -9999 -9999 -9999 -9999 -9999 -9999 -9999 -9999 -9999 -9999 -9999 -9999 -9999 -9999 -9999 -9999 -9999 -9999 -9999 -9999 -9999 -9999 -9999 -9999 -9999 -9999 -9999 -9999 -9999 -9999 -9999 -9999 -9999 -9999 -9999 -9999 -9999 -9999 -9999 -9999 191763 191763 191763 191763 191763 191763 191763 191763 191763 191763 191763 191763 191763 191763 191763 191763 191763 191763 191763 191763 191763 191763 191763 191763 191763
-9999 -9999 -9999 -9999 -9999 -9999 -9999 -9999 -9999 -9999 -9999 -9999 -9999 -9999 -9999 -9999 -9999 -9999 -9999 -9999 -9999 -9999 -9999 -9999 -9999 -9999 -9999 -9999 -9999 -9999 -9999 -9999 -9999 -9999 -9999 -9999 -9999 -9999 -9999 -9999 -9999 -9999 -9999 -9999 -9999 -9999 -9999 -9999 -9999 191663 191663 191663 191663 191663 191663 191663 191663 191663 191663 191663 191663 191663 191663 191663 191663 191663 191663 191663 191663 191663 191663 191663 191663 191663
-9999 -9999 -9999 -9999 -9999 -9999 -9999 -9999 -9999 -9999 -9999 -9999 -9999 -9999 -9999 -9999 -9999 -9999 -9999 -9999 -9999 -9999 -9999 -9999 -9999 -9999 -9999 -9999 -9999 -9999 -9999 -9999 -9999 -9999 -9999 -9999 -9999 -9999 -9999 -9999 -9999 -9999 -9999 -9999 -9999 -9999 -9999 -9999 -9999 -9999 -9999 191563 191563 191563 191563 191563 191563 191563 191563 191563 191563 191563 191563 191563 191563 191563 191563 191563 191563 191563 191563 191563 191563 191563
-9999 -9999 -9999 -9999 -9999 -9999 -9999 -9999 -9999 -9999 -9999 -9999 -9999 -9999 -9999 -9999 -9999 -9999 -9999 -9999 -9999 -9999 -9999 -9999 -9999 -9999 -9999 -9999 -9999 -9999 -9999 -9999 -9999 -9999 -9999 -9999 -9999 -9999 -9999 -9999 -9999 -9999 -9999 -9999 -9999 -9999 -9999 -9999 -9999 -9999 -9999 191463 191463 191463 191463 191463 191463 191463 191463 191463 191463 191463 191463 191463 191463 191463 191463 191463 191463 191463 191463 191463 191463 191463
