input_data/wasim/wasim_run1/input/alm.hor
ncols	135
nrows	130
xllcorner	22597.5
yllcorner	185062.5
cellsize	100
nodata_value	-9999
[rows 30 to 59 of 130, columns 67 to 133 of 135]
0.829419 0.808467 0.822811 0.78803 0.764761 0.775721 0.734681 0.737313 0.727297 0.70834 0.738343 0.67771 0.714626 0.715175 0.699002 0.740815 0.737611 0.738313 0.714328 0.737156 0.74066 0.768397 0.7018 0.765821 0.809762 0.743809 0.747661 0.736474 0.803767 0.821597 0.803978 0.829742 0.803935 0.814077 0.708137 0.662346 0.66505 0.691955 0.721903 0.715335 0.660214 0.683611 0.652498 0.715399 0.830902 0.864428 0.846637 0.773641 0.75152 0.760499 0.752193 0.74135 0.720937 0.720504 0.710481 0.675393 0.679395 0.664424 0.681801 0.632976 0.6892 0.783832 0.776759 0.821874 0.776664 0.783545 0.770086
0.797498 0.842053 0.858493 0.856855 0.855832 0.817319 0.789153 0.803771 0.807913 0.804387 0.75792 0.691607 0.739703 0.677211 0.671255 0.73133 0.727922 0.730059 0.711938 0.674827 0.686596 0.713259 0.723972 0.785192 0.761729 0.751978 0.750208 0.75051 0.763768 0.780614 0.793321 0.810777 0.783124 0.703182 0.726767 0.673114 0.629094 0.693731 0.75091 0.750155 0.660188 0.672542 0.654127 0.706148 0.825167 0.809062 0.778239 0.733659 0.747243 0.763459 0.773615 0.758746 0.729251 0.718058 0.701771 0.673639 0.744215 0.739305 0.773335 0.713942 0.717616 0.722413 0.73849 0.775474 0.772324 0.784686 0.777109
0.820952 0.818659 0.805669 0.795724 0.78171 0.774851 0.768728 0.765768 0.789105 0.790502 0.76112 0.786941 0.682696 0.629349 0.70121 0.727986 0.730064 0.674608 0.690102 0.692797 0.722312 0.72768 0.765503 0.7587 0.760064 0.715257 0.729277 0.747987 0.697323 0.673254 0.66086 0.683088 0.686581 0.673565 0.743992 0.791205 0.766952 0.747582 0.748998 0.74603 0.677099 0.627387 0.656102 0.759937 0.835041 0.797181 0.762219 0.724786 0.742382 0.749409 0.753155 0.738732 0.742204 0.7129 0.691969 0.70588 0.803763 0.813478 0.821983 0.813775 0.796757 0.791507 0.75865 0.746177 0.792123 0.790244 0.766801
0.785206 0.77951 0.759213 0.7534 0.738954 0.750255 0.783425 0.756926 0.792306 0.76546 0.703333 0.66619 0.644745 0.636799 0.704137 0.717928 0.714055 0.726485 0.713817 0.713337 0.69377 0.714819 0.783682 0.769536 0.752949 0.691553 0.660782 0.683023 0.701544 0.709629 0.701412 0.658571 0.634344 0.67145 0.67818 0.686908 0.745683 0.805055 0.898886 0.849095 0.770116 0.715752 0.716395 0.890628 0.831088 0.761968 0.760611 0.660841 0.662801 0.650374 0.655062 0.714608 0.727321 0.688421 0.710034 0.780095 0.828519 0.825038 0.796074 0.811089 0.815262 0.801533 0.761686 0.742143 0.764784 0.727418 0.712085
0.735891 0.728478 0.728135 0.746054 0.755886 0.767 0.782698 0.759689 0.756593 0.785265 0.757286 0.667526 0.649435 0.662426 0.698549 0.718473 0.702168 0.699079 0.742421 0.725408 0.706135 0.733035 0.76475 0.745758 0.769266 0.782413 0.770141 0.746118 0.726657 0.795772 0.796533 0.704098 0.643193 0.613118 0.647393 0.665237 0.63231 0.787803 0.794847 0.822969 0.864584 0.96318 0.75079 0.709967 0.693029 0.874766 0.850593 0.870351 0.871802 0.822354 0.711467 0.658386 0.645823 0.632878 0.749066 0.821493 0.785473 0.746441 0.702313 0.72731 0.764056 0.714452 0.690633 0.756377 0.758517 0.724522 0.742835
0.733805 0.74595 0.759579 0.760262 0.763819 0.738662 0.756819 0.776872 0.792664 0.81435 0.797069 0.693428 0.633019 0.679258 0.728046 0.714636 0.693059 0.670206 0.725541 0.728369 0.72967 0.710921 0.73258 0.784026 0.785074 0.795447 0.817617 0.831596 0.824127 0.827713 0.867829 0.818452 0.636726 0.634605 0.641977 0.768629 0.843969 0.690809 0.684201 0.686839 0.737039 0.815889 0.718539 0.740744 0.724472 0.77647 0.804785 0.707068 0.668235 0.743293 0.852692 0.813837 0.737864 0.742741 0.772795 0.763483 0.758241 0.794594 0.726248 0.665079 0.635503 0.733043 0.784117 0.793726 0.737115 0.710272 0.766207
0.754344 0.767254 0.767476 0.763427 0.773735 0.778435 0.770658 0.800426 0.826403 0.794591 0.759584 0.679119 0.637265 0.692212 0.722518 0.716799 0.728593 0.690937 0.731937 0.70968 0.675344 0.710162 0.780918 0.819648 0.781922 0.777802 0.771448 0.755275 0.743691 0.766048 0.791781 0.83998 0.854725 0.803043 0.765965 0.852292 0.691358 0.661044 0.704731 0.675788 0.745882 0.838928 0.75563 0.776751 0.784042 0.760398 0.856896 0.702056 0.678389 0.665167 0.70303 0.787097 0.817933 0.889686 0.799133 0.782489 0.823919 0.854102 0.844425 0.783478 0.775726 0.818427 0.836529 0.811202 0.719233 0.709487 0.740811
0.763165 0.766409 0.768409 0.782815 0.78697 0.762771 0.795435 0.810894 0.818733 0.815913 0.738824 0.689798 0.668665 0.690664 0.732713 0.707348 0.737612 0.72352 0.738453 0.715661 0.706236 0.741906 0.76973 0.788112 0.781803 0.767608 0.740665 0.771482 0.741002 0.757938 0.748077 0.755627 0.767991 0.832415 0.883172 0.759788 0.677272 0.686717 0.723813 0.66941 0.698352 0.797795 0.825901 0.798103 0.772263 0.749487 0.757524 0.819879 0.670509 0.680679 0.658229 0.701588 0.731513 0.699502 0.836738 0.893007 0.834019 0.811346 0.806932 0.792344 0.780596 0.792892 0.773817 0.739131 0.730972 0.754161 0.77417
0.769008 0.766949 0.760125 0.775042 0.773291 0.756773 0.7836 0.793334 0.775177 0.801084 0.707722 0.689329 0.68142 0.671169 0.721725 0.73553 0.735888 0.688936 0.690557 0.724478 0.752773 0.737006 0.805864 0.764805 0.763038 0.73294 0.744956 0.760916 0.748035 0.750776 0.756802 0.723162 0.763821 0.790077 0.807339 0.771839 0.698836 0.707486 0.709874 0.684137 0.702527 0.740649 0.803014 0.870281 0.768568 0.805335 0.73919 0.821411 0.679636 0.64891 0.665038 0.703132 0.700366 0.731886 0.731993 0.765511 0.868328 0.742474 0.774403 0.780832 0.796646 0.787354 0.791333 0.764593 0.757056 0.834229 0.952834
0.749004 0.741822 0.740565 0.695359 0.701113 0.739414 0.780931 0.789607 0.779805 0.764275 0.716987 0.702434 0.677675 0.675188 0.689386 0.703931 0.677281 0.61053 0.665893 0.666296 0.712373 0.740104 0.785141 0.77706 0.782602 0.765388 0.748133 0.729862 0.757672 0.729272 0.747531 0.736961 0.754006 0.798434 0.795522 0.791346 0.755148 0.73623 0.705147 0.681582 0.657812 0.718147 0.765457 0.856284 0.773949 0.729746 0.717287 0.693976 0.836653 0.678671 0.702004 0.727971 0.674817 0.660397 0.651181 0.777822 0.805648 0.807258 0.798655 0.763336 0.75953 0.787289 0.76256 0.73061 0.821955 0.784737 0.741328
0.736156 0.727934 0.714192 0.720623 0.735759 0.762502 0.761804 0.751794 0.756415 0.764382 0.735623 0.714763 0.69057 0.678467 0.683507 0.668907 0.675059 0.669236 0.622677 0.678603 0.669068 0.702871 0.733233 0.796414 0.796108 0.791312 0.767382 0.729858 0.765805 0.767999 0.739798 0.767812 0.771156 0.78729 0.781723 0.776381 0.702924 0.739291 0.720028 0.690342 0.67718 0.678115 0.778817 0.837204 0.818839 0.73162 0.731507 0.671198 0.726334 0.74103 0.738649 0.749488 0.733607 0.707316 0.674156 0.690685 0.725204 0.835003 0.868509 0.829873 0.811434 0.787757 0.77842 0.879261 0.81751 0.810147 0.755541
0.772681 0.730166 0.708078 0.765935 0.741372 0.751214 0.744434 0.731537 0.742134 0.750686 0.762259 0.739104 0.712228 0.697958 0.675063 0.680819 0.716446 0.732147 0.617614 0.667078 0.662688 0.671556 0.674071 0.729539 0.811181 0.79671 0.781277 0.751578 0.79428 0.781141 0.729896 0.746261 0.751037 0.771239 0.835151 0.763607 0.70273 0.750373 0.713062 0.705558 0.696987 0.692123 0.813701 0.845155 0.745272 0.74441 0.713554 0.735357 0.764434 0.78724 0.771147 0.769267 0.742204 0.728853 0.704553 0.689352 0.721905 0.82651 0.942932 0.850993 0.80923 0.784891 0.859378 0.825438 0.797243 0.825656 0.828986
0.726062 0.777144 0.73305 0.770376 0.728515 0.734859 0.731009 0.73072 0.747178 0.741566 0.744226 0.753076 0.733053 0.707771 0.693525 0.700136 0.741594 0.760496 0.650647 0.685607 0.676363 0.678701 0.681231 0.714021 0.767154 0.809407 0.793842 0.77464 0.783858 0.756968 0.70621 0.743769 0.780204 0.762259 0.797824 0.790095 0.716946 0.725526 0.722596 0.724924 0.727155 0.762423 0.760418 0.854796 0.731611 0.725421 0.727578 0.753162 0.756913 0.77393 0.768217 0.765404 0.750386 0.735403 0.700512 0.691152 0.710664 0.803019 0.803859 0.712046 0.702222 0.822254 0.801121 0.763868 0.82381 0.815451 0.832799
0.733452 0.771834 0.734557 0.755041 0.693011 0.683951 0.716264 0.725762 0.739752 0.730663 0.7195 0.70664 0.709124 0.715994 0.704169 0.703867 0.727652 0.775221 0.658566 0.675015 0.687259 0.713307 0.695733 0.74598 0.797806 0.798482 0.816741 0.804296 0.777662 0.788191 0.777281 0.781188 0.777013 0.770717 0.778494 0.793806 0.736407 0.740888 0.749466 0.738082 0.72716 0.700745 0.676949 0.721192 0.717969 0.756567 0.772186 0.77864 0.769123 0.787558 0.776537 0.768348 0.750356 0.738705 0.692846 0.703409 0.705239 0.760033 0.809917 0.875321 0.892207 0.825285 0.755734 0.678734 0.788821 0.826001 0.821792
0.763709 0.763502 0.736692 0.739269 0.705326 0.683427 0.685822 0.713742 0.712298 0.682842 0.686411 0.697696 0.706268 0.712367 0.711276 0.709979 0.713616 0.75867 0.704757 0.694002 0.693526 0.726978 0.755006 0.697203 0.753925 0.792176 0.781158 0.775743 0.795196 0.792918 0.776556 0.76198 0.792944 0.780271 0.736953 0.728582 0.739139 0.742984 0.750058 0.732378 0.716179 0.719274 0.676077 0.697079 0.715676 0.759793 0.774301 0.779455 0.779664 0.788067 0.771494 0.763324 0.751212 0.703848 0.688758 0.697636 0.700008 0.733719 0.926127 0.828356 0.797557 0.870905 0.852181 0.766413 0.739916 0.803213 0.810981
0.762845 0.767113 0.706191 0.735411 0.732355 0.734068 0.694086 0.707533 0.700544 0.694986 0.710142 0.702054 0.688222 0.686708 0.678938 0.702431 0.731195 0.740341 0.713665 0.691422 0.695381 0.685822 0.711076 0.748879 0.777963 0.811638 0.786052 0.746867 0.75819 0.74578 0.723769 0.696797 0.742363 0.728621 0.691106 0.678406 0.698291 0.731368 0.745617 0.739438 0.748101 0.758128 0.732351 0.719571 0.776987 0.783473 0.790794 0.792606 0.769944 0.767511 0.765578 0.757669 0.716378 0.664353 0.687153 0.699178 0.69799 0.800263 0.953769 0.896095 0.835159 0.839992 0.854702 0.846619 0.727622 0.771072 0.817415
0.722081 0.725231 0.735161 0.71885 0.74471 0.758531 0.698723 0.735777 0.751634 0.722549 0.726002 0.714195 0.660594 0.677957 0.679976 0.669694 0.719199 0.740178 0.689181 0.667098 0.720288 0.660767 0.663364 0.723609 0.759889 0.778294 0.780789 0.792214 0.788563 0.756192 0.741942 0.724224 0.70538 0.694698 0.694276 0.68778 0.709521 0.708141 0.751485 0.760115 0.754212 0.75875 0.771052 0.761089 0.79453 0.772412 0.753511 0.730618 0.706528 0.728404 0.71565 0.695946 0.646716 0.63121 0.692744 0.702276 0.748342 0.906263 0.953923 0.941494 0.886554 0.84225 0.841193 0.835036 0.794159 0.799985 0.819479
0.723616 0.7547 0.729486 0.701112 0.755081 0.790404 0.788272 0.841405 0.792389 0.727514 0.700858 0.738926 0.710568 0.740279 0.712908 0.690842 0.678094 0.719568 0.713438 0.684543 0.727509 0.674097 0.727737 0.708652 0.710386 0.719619 0.713496 0.728527 0.715264 0.686127 0.695936 0.70338 0.695832 0.701557 0.714405 0.716908 0.736517 0.760402 0.760272 0.756289 0.758107 0.781608 0.794526 0.745685 0.727164 0.676715 0.67029 0.697467 0.705157 0.679937 0.666331 0.662523 0.676867 0.683384 0.709474 0.774683 0.855001 0.893116 0.93004 0.941519 0.926878 0.940298 0.845135 0.800182 0.788407 0.795476 0.816474
0.704295 0.723782 0.67855 0.68759 0.744003 0.86363 0.885933 0.852745 0.869191 0.78845 0.730725 0.767893 0.743629 0.77745 0.732248 0.699997 0.674631 0.71636 0.724397 0.682235 0.665582 0.746169 0.736025 0.73594 0.711819 0.703453 0.715488 0.696292 0.681303 0.675197 0.652643 0.694233 0.697992 0.71031 0.701374 0.685507 0.686564 0.715031 0.717283 0.752891 0.76013 0.730988 0.719989 0.697502 0.736736 0.791647 0.828097 0.824114 0.832027 0.79886 0.703019 0.663431 0.718221 0.726661 0.839777 0.855588 0.720959 0.69583 0.876539 0.892189 0.860572 0.8288 0.774046 0.910672 0.815717 0.741851 0.748375
0.708028 0.74405 0.670513 0.696087 0.750303 0.939205 0.812562 0.736607 0.753221 0.776091 0.801005 0.786391 0.806225 0.777347 0.753129 0.722164 0.686882 0.684648 0.716072 0.698645 0.682842 0.739615 0.737404 0.744986 0.738333 0.744409 0.735185 0.735909 0.740563 0.735268 0.716147 0.730865 0.730351 0.725618 0.749131 0.731536 0.732733 0.712686 0.700848 0.699315 0.690878 0.691723 0.716531 0.802019 0.823974 0.732487 0.703655 0.624276 0.629062 0.703978 0.752785 0.714859 0.701741 0.779858 0.833243 0.782413 0.734827 0.694544 0.892268 0.791737 0.842645 0.813817 0.772315 0.778448 0.775746 0.917796 0.79302
0.728908 0.719801 0.683337 0.711424 0.812749 0.869031 0.752272 0.735503 0.755249 0.822048 0.789345 0.796823 0.78698 0.753554 0.739899 0.726953 0.727962 0.701436 0.701688 0.690512 0.70439 0.698968 0.747121 0.753504 0.748364 0.744318 0.738978 0.737672 0.743839 0.753009 0.75211 0.759642 0.761901 0.765869 0.769965 0.747066 0.740739 0.69913 0.700788 0.692828 0.699244 0.687825 0.761881 0.797065 0.77287 0.751852 0.763719 0.746652 0.686452 0.653668 0.718128 0.76472 0.805263 0.927489 0.797087 0.78646 0.759984 0.64375 0.747535 0.711149 0.791234 0.775574 0.81557 0.844188 0.826354 0.807202 0.830504
0.776137 0.688737 0.722951 0.703655 0.84831 0.851306 0.780038 0.801081 0.767323 0.77382 0.790663 0.81218 0.808427 0.775727 0.766293 0.741935 0.745171 0.721141 0.690672 0.709899 0.695607 0.693357 0.723088 0.72366 0.732656 0.737662 0.752396 0.750978 0.744578 0.761913 0.748987 0.748556 0.750735 0.732991 0.748177 0.768054 0.759148 0.727094 0.708692 0.694174 0.68263 0.694552 0.724108 0.765404 0.808937 0.794682 0.776675 0.734203 0.692971 0.645405 0.662968 0.718027 0.768002 0.905738 0.737076 0.765205 0.757436 0.735379 0.685868 0.721865 0.737591 0.800195 0.817864 0.845378 0.867884 0.857521 0.838342
0.750635 0.741991 0.723158 0.71094 0.812923 0.773014 0.726291 0.760781 0.730291 0.706723 0.742689 0.727311 0.759113 0.778019 0.743096 0.702323 0.702617 0.712202 0.687284 0.673063 0.662633 0.673814 0.696591 0.717719 0.742377 0.719187 0.718147 0.730064 0.704341 0.679525 0.659638 0.645293 0.631975 0.653196 0.62241 0.629645 0.700357 0.747586 0.746465 0.719032 0.695957 0.629575 0.699927 0.739556 0.762825 0.808603 0.775557 0.704011 0.705735 0.677157 0.667623 0.798705 0.675204 0.778452 0.794096 0.743436 0.783798 0.79297 0.771832 0.782042 0.750777 0.776932 0.843587 0.839435 0.839027 0.848374 0.860673
0.71658 0.705901 0.729975 0.70635 0.739903 0.815214 0.695219 0.689215 0.684002 0.681327 0.702403 0.701124 0.703202 0.72713 0.728337 0.715975 0.697177 0.716885 0.704631 0.687018 0.662164 0.663268 0.680685 0.729196 0.727743 0.698961 0.67766 0.652689 0.642575 0.65431 0.668683 0.664471 0.613702 0.649731 0.664742 0.632899 0.632472 0.713678 0.74035 0.721389 0.698577 0.659085 0.654688 0.713968 0.739651 0.783642 0.738406 0.656232 0.713589 0.727697 0.876031 0.709878 0.658802 0.718069 0.910775 0.719636 0.783573 0.793596 0.803771 0.81309 0.812759 0.808043 0.807891 0.844343 0.853466 0.831688 0.849997
0.681747 0.726867 0.727954 0.712348 0.72095 0.827268 0.845463 0.836253 0.802356 0.791512 0.794382 0.78656 0.766001 0.763978 0.783316 0.795847 0.772201 0.744652 0.715632 0.72665 0.687444 0.678783 0.664712 0.696475 0.680615 0.662001 0.626194 0.614785 0.640188 0.661788 0.691894 0.694393 0.649495 0.689814 0.717826 0.702541 0.634867 0.647427 0.695357 0.741716 0.739302 0.709928 0.672725 0.700986 0.722431 0.740562 0.706529 0.690922 0.73388 0.772753 0.84237 0.729325 0.727898 0.700127 0.758741 0.859149 0.792953 0.81286 0.808245 0.838312 0.834228 0.845965 0.849025 0.855893 0.865921 0.839595 0.844046
0.724486 0.751327 0.743856 0.73127 0.708313 0.83192 0.836907 0.764555 0.820022 0.878578 0.84683 0.787201 0.769797 0.772718 0.806177 0.801242 0.785294 0.779767 0.754157 0.742904 0.697538 0.677215 0.667938 0.663774 0.657163 0.646952 0.631784 0.666292 0.661876 0.655568 0.67539 0.705228 0.71449 0.728742 0.71608 0.741257 0.695529 0.620753 0.645107 0.734704 0.718225 0.712557 0.72361 0.711446 0.693403 0.706666 0.745086 0.700566 0.737142 0.7973 0.879563 0.788171 0.784823 0.717688 0.744355 0.82148 0.83898 0.823727 0.835448 0.856073 0.857479 0.853512 0.859291 0.862194 0.878202 0.877187 0.885874
0.76725 0.743176 0.706189 0.708061 0.687531 0.878472 0.760404 0.727801 0.732844 0.73659 0.748393 0.763477 0.761749 0.789591 0.795974 0.795545 0.811865 0.797093 0.783223 0.721853 0.743423 0.720991 0.686324 0.657726 0.665805 0.655249 0.685357 0.721072 0.699917 0.658184 0.660231 0.680205 0.71033 0.739269 0.789914 0.789393 0.757962 0.717934 0.679808 0.620361 0.647217 0.70604 0.717829 0.738076 0.702188 0.710522 0.692365 0.685254 0.736051 0.7866 0.841007 0.750926 0.756728 0.751181 0.748638 0.708016 0.834032 0.854968 0.824694 0.844719 0.869742 0.87336 0.875453 0.876058 0.859906 0.870511 0.875796
0.732309 0.73761 0.689254 0.70123 0.681002 0.882191 0.746104 0.747455 0.775162 0.764569 0.78281 0.790811 0.791114 0.778527 0.77301 0.79176 0.775783 0.786225 0.770054 0.727801 0.764225 0.714895 0.672939 0.660083 0.638171 0.676918 0.721857 0.719113 0.71711 0.682153 0.625366 0.613605 0.698041 0.811698 0.773798 0.743542 0.721628 0.726552 0.694941 0.658228 0.633925 0.721836 0.71505 0.723132 0.705009 0.713555 0.679795 0.663639 0.714533 0.836734 0.756645 0.722376 0.758318 0.774703 0.748526 0.703583 0.725075 0.944154 0.800602 0.837075 0.865779 0.867611 0.878318 0.858439 0.826071 0.883659 0.857502
0.716501 0.670027 0.662753 0.683 0.721357 0.907626 0.72858 0.712094 0.735451 0.777569 0.768358 0.744676 0.744691 0.792529 0.776293 0.760281 0.76399 0.782023 0.78531 0.771466 0.737191 0.704363 0.693603 0.667382 0.657801 0.704769 0.702041 0.713716 0.708388 0.682155 0.699876 0.671819 0.72845 0.851874 0.77227 0.737566 0.669024 0.676487 0.690724 0.717348 0.68713 0.726181 0.761447 0.738372 0.74736 0.718434 0.676377 0.701892 0.690186 0.826981 0.742533 0.731675 0.786102 0.767934 0.780156 0.764775 0.691159 0.896971 0.788567 0.842179 0.865118 0.856382 0.870075 0.867705 0.858127 0.853802 0.843919
0.722917 0.708879 0.746856 0.740088 0.716109 0.811614 0.86818 0.732464 0.725889 0.73385 0.743196 0.760385 0.778281 0.763903 0.742683 0.720809 0.739015 0.751595 0.776444 0.807186 0.73285 0.725912 0.710619 0.704346 0.710548 0.719335 0.707367 0.711426 0.682643 0.673106 0.738636 0.739275 0.775222 0.865654 0.773682 0.724306 0.705497 0.694201 0.717449 0.804164 0.763126 0.770663 0.758263 0.756014 0.739645 0.730797 0.691149 0.66558 0.698369 0.859893 0.785406 0.804312 0.805418 0.786818 0.802186 0.769751 0.705053 0.869009 0.797129 0.802009 0.839208 0.868675 0.883195 0.883225 0.866795 0.867969 0.861772
