input_data/wasim/wasim_run1/input/alm.svfdir_2
ncols	135
nrows	130
xllcorner	22597.5
yllcorner	185062.5
cellsize	100
nodata_value	-9999
[rows 84 to 111 of 130, columns 65 to 129 of 135]
-0.673704 -0.690077 -0.591216 -0.529113 -0.447929 -0.341299 -0.249779 -0.135397 0.0123602 -0.0177505 -0.171036 -0.421851 -0.459381 -0.46092 -0.483221 -0.398213 -0.367934 -0.403773 -0.467881 -0.477053 -0.457856 -0.43346 -0.437252 -0.437708 -0.358522 -0.295727 -0.298317 -0.301325 -0.372728 -0.429423 -0.463841 -0.498273 -0.541327 -0.551677 -0.546849 -0.532124 -0.495866 -0.403614 -0.335101 -0.234197 -0.311296 -0.577572 -0.624079 -0.618666 -0.571443 -0.629202 -0.634443 -0.63974 -0.457907 -0.298517 -0.620163 -0.617514 -0.608613 -0.60018 -0.587206 -0.568607 -0.538858 -0.531982 -0.559559 -0.589133 -0.601709 -0.598746 -0.605046 -0.62303 -0.379181
-0.655855 -0.686729 -0.596804 -0.494593 -0.435917 -0.329795 -0.264459 -0.204366 -0.116441 0.00907832 0.032792 -0.119454 -0.287847 -0.3688 -0.407823 -0.301972 -0.231622 -0.238368 -0.335119 -0.394913 -0.387239 -0.354637 -0.350723 -0.326115 -0.278977 -0.25238 -0.259884 -0.215433 -0.367412 -0.431968 -0.433619 -0.469729 -0.518533 -0.504979 -0.516007 -0.537103 -0.504557 -0.451616 -0.455467 -0.445071 -0.375008 -0.562845 -0.609614 -0.609937 -0.613306 -0.618544 -0.606385 -0.618696 -0.624463 -0.485832 -0.616918 -0.607402 -0.604399 -0.600283 -0.591641 -0.578913 -0.56458 -0.549266 -0.565268 -0.578865 -0.582299 -0.586432 -0.594926 -0.602667 -0.629906
-0.680139 -0.683906 -0.624111 -0.607985 -0.514862 -0.350422 -0.245623 -0.185024 -0.0802529 -0.0246747 0.00756216 0.0442024 -0.0244303 -0.103654 -0.207206 -0.156183 -0.0673436 -0.111427 -0.158113 -0.218234 -0.305013 -0.274159 -0.29116 -0.24744 -0.150409 -0.184111 -0.272322 -0.153448 -0.129844 -0.389267 -0.372541 -0.406307 -0.466209 -0.383201 -0.369064 -0.48054 -0.472858 -0.470632 -0.485346 -0.537569 -0.544954 -0.527157 -0.602682 -0.605677 -0.608335 -0.610322 -0.612518 -0.614813 -0.616677 -0.614816 -0.587286 -0.578091 -0.584492 -0.585924 -0.586962 -0.57741 -0.574164 -0.575257 -0.571241 -0.571042 -0.573409 -0.577826 -0.576984 -0.585604 -0.612944
-0.661409 -0.675365 -0.677801 -0.672375 -0.614419 -0.527133 -0.396144 -0.273956 -0.125167 -0.0165059 -0.00966122 -0.0477136 -0.014624 -0.0212941 -0.106278 -0.113603 -0.0495409 -0.12486 -0.154179 -0.181191 -0.291088 -0.285642 -0.281433 -0.304533 -0.202467 -0.204032 -0.341781 -0.337572 -0.166165 -0.271906 -0.293563 -0.323513 -0.394117 -0.373835 -0.271217 -0.381834 -0.417324 -0.473018 -0.519716 -0.523462 -0.547349 -0.573519 -0.593255 -0.584418 -0.58993 -0.593813 -0.592372 -0.587688 -0.56723 -0.519028 -0.476331 -0.477777 -0.513745 -0.540716 -0.558363 -0.572175 -0.576264 -0.568925 -0.558507 -0.559973 -0.566901 -0.569703 -0.569583 -0.57639 -0.571034
-0.640186 -0.658652 -0.671871 -0.672151 -0.672777 -0.612867 -0.486634 -0.428145 -0.315991 -0.161167 -0.086718 -0.173816 -0.184144 -0.169434 -0.193335 -0.159752 -0.126327 -0.205502 -0.217457 -0.217198 -0.288387 -0.351252 -0.347353 -0.363528 -0.328789 -0.305749 -0.411828 -0.453397 -0.370725 -0.323883 -0.303043 -0.314705 -0.346697 -0.391853 -0.305641 -0.363816 -0.396988 -0.466021 -0.545936 -0.534466 -0.537388 -0.515464 -0.569085 -0.578294 -0.595367 -0.611578 -0.589637 -0.539438 -0.49443 -0.442187 -0.38131 -0.361278 -0.390627 -0.44857 -0.504345 -0.546387 -0.560008 -0.544963 -0.53752 -0.546682 -0.560191 -0.567636 -0.572663 -0.574687 -0.564979
-0.628838 -0.639999 -0.66254 -0.663239 -0.669797 -0.653018 -0.524933 -0.448584 -0.42201 -0.358985 -0.276588 -0.297382 -0.336338 -0.341106 -0.328094 -0.240524 -0.197952 -0.26323 -0.282828 -0.25881 -0.254846 -0.353459 -0.432385 -0.440549 -0.388418 -0.350096 -0.398554 -0.468297 -0.440642 -0.393745 -0.362918 -0.371601 -0.415065 -0.415884 -0.364331 -0.393513 -0.406678 -0.447975 -0.526695 -0.530355 -0.522191 -0.536107 -0.567778 -0.5449 -0.499523 -0.492596 -0.510759 -0.500724 -0.473368 -0.432175 -0.36729 -0.303141 -0.268053 -0.297379 -0.390393 -0.483066 -0.526426 -0.521886 -0.5205 -0.53569 -0.548756 -0.554362 -0.55645 -0.562788 -0.562476
-0.606161 -0.626348 -0.638579 -0.651938 -0.668289 -0.662597 -0.558349 -0.492096 -0.465708 -0.454411 -0.442417 -0.446139 -0.446175 -0.430214 -0.413361 -0.35054 -0.293459 -0.31531 -0.344884 -0.319515 -0.276979 -0.329034 -0.445966 -0.501898 -0.456748 -0.392874 -0.394181 -0.438689 -0.455874 -0.43728 -0.422204 -0.441842 -0.517506 -0.46453 -0.421662 -0.421753 -0.408577 -0.42804 -0.498504 -0.534288 -0.512987 -0.559828 -0.57679 -0.545722 -0.471291 -0.461719 -0.519472 -0.550651 -0.538684 -0.484102 -0.411432 -0.309301 -0.177051 -0.0818562 -0.20165 -0.372343 -0.469027 -0.508704 -0.514663 -0.519534 -0.529534 -0.5359 -0.533681 -0.537897 -0.548075
-9999 -0.601593 -0.624258 -0.65191 -0.668432 -0.669817 -0.633487 -0.563197 -0.543265 -0.499458 -0.473898 -0.491673 -0.52708 -0.489154 -0.459908 -0.434059 -0.39494 -0.372215 -0.384751 -0.402938 -0.367907 -0.389954 -0.455412 -0.510459 -0.51837 -0.449249 -0.431246 -0.445816 -0.471244 -0.480364 -0.488137 -0.527527 -0.581824 -0.533948 -0.471838 -0.453646 -0.437518 -0.45023 -0.524217 -0.537379 -0.537075 -0.536296 -0.582598 -0.586926 -0.553091 -0.569125 -0.601574 -0.6199 -0.617603 -0.57478 -0.497456 -0.383801 -0.171818 0.0350096 -0.039231 -0.288574 -0.423767 -0.507832 -0.522165 -0.515822 -0.514737 -0.519992 -0.522826 -0.526547 -0.532417
-9999 -9999 -0.603245 -0.647117 -0.661889 -0.668727 -0.653998 -0.594398 -0.594807 -0.557809 -0.499905 -0.515767 -0.554802 -0.539582 -0.491782 -0.465813 -0.4401 -0.429538 -0.438479 -0.465926 -0.456655 -0.458142 -0.47948 -0.507293 -0.523195 -0.501352 -0.46666 -0.466344 -0.484947 -0.501743 -0.540901 -0.576794 -0.604857 -0.600936 -0.552431 -0.504215 -0.497234 -0.499383 -0.539066 -0.510359 -0.501493 -0.505025 -0.568662 -0.615552 -0.617847 -0.621816 -0.62487 -0.628412 -0.629553 -0.619967 -0.592591 -0.563271 -0.26161 0.0381342 0.128027 -0.166853 -0.371042 -0.480696 -0.525648 -0.523941 -0.510397 -0.508389 -0.511242 -0.512185 -0.516675
-9999 -9999 -9999 -0.627174 -0.642289 -0.657001 -0.663305 -0.59427 -0.61645 -0.583215 -0.568387 -0.561252 -0.565704 -0.565226 -0.516109 -0.465927 -0.462883 -0.465201 -0.493697 -0.491886 -0.481089 -0.476018 -0.489723 -0.495263 -0.506225 -0.519381 -0.494536 -0.487449 -0.501114 -0.516615 -0.558481 -0.591495 -0.603167 -0.598617 -0.586555 -0.551374 -0.535668 -0.553694 -0.538043 -0.493091 -0.448744 -0.507034 -0.550983 -0.618493 -0.621637 -0.624022 -0.626475 -0.621308 -0.625753 -0.621625 -0.612819 -0.62414 -0.351319 -0.19918 0.02385 -0.0189247 -0.247281 -0.37042 -0.435542 -0.477308 -0.480616 -0.474315 -0.48335 -0.49426 -0.496838
-9999 -9999 -9999 -9999 -0.622483 -0.644185 -0.660297 -0.556965 -0.600631 -0.574869 -0.607046 -0.577635 -0.583218 -0.603838 -0.556747 -0.499999 -0.497595 -0.502901 -0.511765 -0.505049 -0.480093 -0.481219 -0.48386 -0.471688 -0.496398 -0.507205 -0.504717 -0.499639 -0.515015 -0.530291 -0.559497 -0.578817 -0.581995 -0.581301 -0.570552 -0.526346 -0.507606 -0.5388 -0.54653 -0.497044 -0.445882 -0.527928 -0.569947 -0.614972 -0.618273 -0.614284 -0.608607 -0.598971 -0.596192 -0.601132 -0.583173 -0.50972 -0.364398 -0.0835815 -0.150262 -0.0321894 -0.105405 -0.231329 -0.290805 -0.357381 -0.404258 -0.392579 -0.387459 -0.425455 -0.448806
-9999 -9999 -9999 -9999 -9999 -9999 -0.651678 -0.637566 -0.560531 -0.58773 -0.599884 -0.585409 -0.610067 -0.616463 -0.592785 -0.556614 -0.533996 -0.523488 -0.527698 -0.552348 -0.508091 -0.502564 -0.501291 -0.482579 -0.499534 -0.514279 -0.521474 -0.518682 -0.527639 -0.540504 -0.558703 -0.562259 -0.557711 -0.558796 -0.545175 -0.500459 -0.491954 -0.500076 -0.514075 -0.481186 -0.456247 -0.528629 -0.594064 -0.571632 -0.544094 -0.513583 -0.5657 -0.593764 -0.567201 -0.562224 -0.589593 -0.411489 -0.248427 0.0573778 -0.119892 -0.0799046 -0.0489004 -0.131124 -0.185778 -0.199111 -0.26138 -0.314567 -0.288813 -0.289735 -0.355293
-9999 -9999 -9999 -9999 -9999 -9999 -9999 -9999 -9999 -9999 -9999 -0.606257 -0.61156 -0.609652 -0.596192 -0.571665 -0.541398 -0.5495 -0.571654 -0.582689 -0.574344 -0.562267 -0.556706 -0.530517 -0.527515 -0.557285 -0.574507 -0.566987 -0.565466 -0.562311 -0.565493 -0.559685 -0.545515 -0.546961 -0.557771 -0.513539 -0.425 -0.470207 -0.45618 -0.448488 -0.437887 -0.456875 -0.558266 -0.466393 -0.42936 -0.403619 -0.473258 -0.531318 -0.538308 -0.563977 -0.614068 -0.627497 0.0351139 0.204265 -0.0543519 -0.154326 -0.12054 -0.12857 -0.207944 -0.200599 -0.150135 -0.169548 -0.209338 -0.208232 -0.258688
-9999 -9999 -9999 -9999 -9999 -9999 -9999 -9999 -9999 -9999 -9999 -9999 -9999 -9999 -9999 -9999 -0.559945 -0.556368 -0.573696 -0.566605 -0.574897 -0.576788 -0.599096 -0.594204 -0.580353 -0.582025 -0.593957 -0.605334 -0.605501 -0.589234 -0.58025 -0.570351 -0.555873 -0.571733 -0.610603 -0.538408 -0.430726 -0.468243 -0.450712 -0.439279 -0.434403 -0.398565 -0.430353 -0.449938 -0.411935 -0.3674 -0.406326 -0.484263 -0.51626 -0.55754 -0.60033 -0.651949 -0.155317 0.311091 0.282571 0.126885 -0.0957239 -0.169207 -0.226933 -0.26168 -0.180082 -0.0421282 0.189985 0.0713819 -0.100532
-9999 -9999 -9999 -9999 -9999 -9999 -9999 -9999 -9999 -9999 -9999 -9999 -9999 -9999 -9999 -9999 -9999 -9999 -9999 -9999 -9999 -0.584688 -0.589794 -0.592547 -0.582471 -0.57789 -0.603331 -0.604116 -0.605065 -0.601801 -0.596471 -0.591747 -0.564759 -0.587294 -0.607614 -0.544676 -0.55175 -0.528533 -0.466447 -0.496363 -0.487945 -0.436086 -0.422825 -0.494867 -0.478634 -0.416782 -0.42886 -0.516132 -0.538389 -0.54951 -0.614607 -0.655165 -0.666448 -0.414565 -0.371088 -0.0468183 0.0405738 0.0169509 -0.0432916 -0.191443 -0.164162 -0.0679328 0.140979 0.18844 -0.0174135
-9999 -9999 -9999 -9999 -9999 -9999 -9999 -9999 -9999 -9999 -9999 -9999 -9999 -9999 -9999 -9999 -9999 -9999 -9999 -9999 -9999 -9999 -9999 -9999 -9999 -0.599365 -0.60173 -0.602313 -0.604451 -0.607267 -0.608186 -0.596494 -0.513543 -0.495349 -0.586091 -0.512165 -0.506846 -0.504194 -0.449519 -0.418214 -0.509606 -0.447622 -0.479007 -0.522678 -0.538889 -0.490622 -0.500493 -0.557619 -0.561385 -0.500016 -0.424773 -0.570312 -0.559268 -0.467065 -0.557121 -0.610756 -0.627729 -0.534611 -0.269049 -0.295039 -0.573562 -0.5928 -0.295892 0.0704338 -0.0661306
-9999 -9999 -9999 -9999 -9999 -9999 -9999 -9999 -9999 -9999 -9999 -9999 -9999 -9999 -9999 -9999 -9999 -9999 -9999 -9999 -9999 -9999 -9999 -9999 -9999 -9999 -9999 -9999 -9999 -0.607373 -0.604927 -0.577403 -0.445019 -0.361446 -0.312767 -0.468402 -0.42209 -0.440833 -0.384648 -0.25097 -0.351491 -0.456663 -0.514559 -0.52055 -0.522124 -0.487746 -0.50284 -0.542387 -0.459592 -0.332047 -0.332579 -0.31394 -0.5615 -0.447786 -0.522354 -0.585724 -0.608585 -0.545546 -0.611745 -0.61848 -0.512387 -0.556684 -0.513357 -0.520402 -0.394619
-9999 -9999 -9999 -9999 -9999 -9999 -9999 -9999 -9999 -9999 -9999 -9999 -9999 -9999 -9999 -9999 -9999 -9999 -9999 -9999 -9999 -9999 -9999 -9999 -9999 -9999 -9999 -9999 -9999 -9999 -0.603576 -0.615584 -0.409408 -0.385949 -0.291229 -0.39758 -0.424139 -0.427751 -0.36293 -0.289957 -0.323638 -0.441641 -0.526537 -0.535396 -0.518438 -0.487033 -0.456331 -0.395606 -0.290983 -0.51142 -0.312337 -0.279066 -0.522405 -0.482461 -0.504672 -0.561376 -0.595361 -0.482693 -0.391945 -0.551293 -0.518386 -0.596136 -0.492723 -0.465064 -0.499714
-9999 -9999 -9999 -9999 -9999 -9999 -9999 -9999 -9999 -9999 -9999 -9999 -9999 -9999 -9999 -9999 -9999 -9999 -9999 -9999 -9999 -9999 -9999 -9999 -9999 -9999 -9999 -9999 -9999 -9999 -9999 -0.569403 -0.420061 -0.430181 -0.551522 -0.399835 -0.45068 -0.388672 -0.411876 -0.448159 -0.455857 -0.471577 -0.525634 -0.544228 -0.541355 -0.496131 -0.333535 -0.349897 -0.503823 -0.29927 -0.433528 -0.39828 -0.551079 -0.487888 -0.49432 -0.527511 -0.511247 -0.509095 -0.453155 -0.421374 -0.437995 -0.574789 -0.521593 -0.473248 -0.543636
-9999 -9999 -9999 -9999 -9999 -9999 -9999 -9999 -9999 -9999 -9999 -9999 -9999 -9999 -9999 -9999 -9999 -9999 -9999 -9999 -9999 -9999 -9999 -9999 -9999 -9999 -9999 -9999 -9999 -9999 -9999 -0.520995 -0.490471 -0.344109 -0.603113 -0.449693 -0.545578 -0.484973 -0.507763 -0.556437 -0.567092 -0.559818 -0.556588 -0.536296 -0.542403 -0.578354 -0.30771 -0.427135 -0.359148 -0.445745 -0.503107 -0.49758 -0.563783 -0.560171 -0.534941 -0.53271 -0.492325 -0.395696 -0.357927 -0.364022 -0.488311 -0.566088 -0.489381 -0.444272 -0.444003
-9999 -9999 -9999 -9999 -9999 -9999 -9999 -9999 -9999 -9999 -9999 -9999 -9999 -9999 -9999 -9999 -9999 -9999 -9999 -9999 -9999 -9999 -9999 -9999 -9999 -9999 -9999 -9999 -9999 -9999 -9999 -9999 -0.493201 -0.579588 -0.533722 -0.445113 -0.47969 -0.476243 -0.507538 -0.540169 -0.577241 -0.602583 -0.601371 -0.559462 -0.521168 -0.587897 -0.537398 -0.101657 -0.207205 -0.331272 -0.468556 -0.466811 -0.559728 -0.604105 -0.544291 -0.520608 -0.575553 -0.47674 -0.338613 -0.300144 -0.529182 -0.531595 -0.448932 -0.454256 -0.465052
-9999 -9999 -9999 -9999 -9999 -9999 -9999 -9999 -9999 -9999 -9999 -9999 -9999 -9999 -9999 -9999 -9999 -9999 -9999 -9999 -9999 -9999 -9999 -9999 -9999 -9999 -9999 -9999 -9999 -9999 -9999 -9999 -0.537577 -0.642199 -0.651006 -0.525333 -0.484164 -0.463818 -0.45013 -0.473504 -0.53308 -0.61859 -0.646706 -0.630735 -0.604613 -0.665847 -0.65898 -0.26999 -0.031474 -0.152711 -0.434647 -0.498317 -0.530539 -0.513894 -0.530638 -0.53093 -0.45166 -0.467172 -0.430968 -0.500867 -0.473936 -0.503439 -0.406536 -0.419834 -0.427764
-9999 -9999 -9999 -9999 -9999 -9999 -9999 -9999 -9999 -9999 -9999 -9999 -9999 -9999 -9999 -9999 -9999 -9999 -9999 -9999 -9999 -9999 -9999 -9999 -9999 -9999 -9999 -9999 -9999 -9999 -9999 -9999 -9999 -0.642908 -0.638154 -0.621079 -0.560263 -0.518449 -0.461501 -0.374938 -0.418803 -0.567336 -0.656481 -0.658228 -0.58017 -0.391809 -0.647445 -0.572665 -0.471223 -0.302016 -0.380946 -0.366586 -0.428935 -0.510251 -0.517442 -0.498416 -0.519634 -0.441318 -0.466318 -0.471544 -0.475092 -0.451529 -0.435906 -0.439455 -0.414496
-9999 -9999 -9999 -9999 -9999 -9999 -9999 -9999 -9999 -9999 -9999 -9999 -9999 -9999 -9999 -9999 -9999 -9999 -9999 -9999 -9999 -9999 -9999 -9999 -9999 -9999 -9999 -9999 -9999 -9999 -9999 -9999 -9999 -9999 -0.642667 -0.650759 -0.635361 -0.377979 -0.13541 0.0140487 -0.167333 -0.502219 -0.629299 -0.493758 -0.431882 -0.459506 -0.625615 -0.480412 -0.494906 -0.425973 -0.410655 -0.415529 -0.44858 -0.507144 -0.479172 -0.490529 -0.49702 -0.481492 -0.450945 -0.460084 -0.449609 -0.378 -0.416248 -0.409883 -0.456453
-9999 -9999 -9999 -9999 -9999 -9999 -9999 -9999 -9999 -9999 -9999 -9999 -9999 -9999 -9999 -9999 -9999 -9999 -9999 -9999 -9999 -9999 -9999 -9999 -9999 -9999 -9999 -9999 -9999 -9999 -9999 -9999 -9999 -0.630449 -0.640374 -0.653279 -0.660293 -0.414898 -0.582404 -0.483176 -0.197012 -0.327351 -0.338803 -0.383617 -0.408319 -0.587706 -0.521746 -0.553701 -0.464658 -0.468635 -0.438587 -0.443246 -0.400836 -0.445679 -0.415541 -0.455724 -0.437457 -0.50289 -0.481452 -0.399618 -0.373949 -0.428728 -0.434234 -0.390824 -0.350418
-9999 -9999 -9999 -9999 -9999 -9999 -9999 -9999 -9999 -9999 -9999 -9999 -9999 -9999 -9999 -9999 -9999 -9999 -9999 -9999 -9999 -9999 -9999 -9999 -9999 -9999 -9999 -9999 -9999 -9999 -9999 -9999 -0.591813 -0.598412 -0.625171 -0.643226 -0.658353 -0.687497 -0.361212 -0.488008 -0.403272 -0.193174 -0.430116 -0.37233 -0.371008 -0.471873 -0.502095 -0.478557 -0.444883 -0.488435 -0.442411 -0.419391 -0.377888 -0.282065 -0.240711 -0.324945 -0.296686 -0.385117 -0.422868 -0.407046 -0.328227 -0.337395 -0.467551 -0.354286 -0.339407
-9999 -9999 -9999 -9999 -9999 -9999 -9999 -9999 -9999 -9999 -9999 -9999 -9999 -9999 -9999 -9999 -9999 -9999 -9999 -9999 -9999 -9999 -9999 -9999 -9999 -9999 -9999 -9999 -9999 -9999 -9999 -0.59117 -0.570044 -0.51131 -0.496001 -0.5772 -0.654807 -0.646332 -0.322143 -0.503983 -0.386573 -0.23482 -0.235532 -0.207556 -0.261213 -0.391396 -0.442487 -0.423173 -0.417036 -0.511474 -0.52733 -0.505266 -0.479239 -0.35245 -0.318967 -0.361781 -0.309741 -0.356666 -0.309612 -0.309994 -0.399399 -0.3092 -0.369414 -0.339249 -0.333566
-9999 -9999 -9999 -9999 -9999 -9999 -9999 -9999 -9999 -9999 -9999 -9999 -9999 -9999 -9999 -9999 -9999 -9999 -9999 -9999 -9999 -9999 -9999 -9999 -9999 -9999 -9999 -9999 -9999 -9999 -0.596039 -0.600594 -0.604495 -0.475997 -0.448811 -0.509335 -0.663156 -0.504039 -0.275563 -0.555823 -0.500971 -0.486073 -0.474862 -0.348893 -0.236263 -0.130607 -0.251362 -0.413078 -0.377136 -0.530767 -0.496498 -0.516695 -0.536022 -0.442223 -0.312437 -0.366448 -0.455306 -0.389775 -0.320828 -0.254402 -0.311279 -0.361228 -0.3194 -0.314495 -0.333457
