input_data/wasim/wasim_run1/input/alm.svfdir
ncols	135
nrows	130
xllcorner	22597.5
yllcorner	185062.5
cellsize	100
nodata_value	-9999
[rows 30 to 59 of 130, columns 0 to 67 of 135]
0.811312 0.828823 0.886224 0.78409 0.761659 0.715315 0.655103 0.724413 0.90114 0.986879 0.991565 0.991734 0.991067 0.995937 0.948189 0.937586 0.904349 0.96667 0.91096 0.746788 0.744805 0.639724 0.474519 0.506022 0.648497 0.778698 0.897726 0.879605 0.699296 0.684945 0.732555 0.866667 0.89575 0.809859 0.730363 0.828688 0.850031 0.931013 0.885941 0.823791 0.976304 1 1 1 0.989167 0.937352 0.959781 0.988857 0.930013 0.960472 0.939138 0.928898 0.98168 0.919755 1 1 1 1 0.997344 0.936326 0.935404 0.903486 0.910405 0.90502 0.909221 0.916693 0.894355 0.87925
0.725953 0.650935 0.736756 0.819868 0.758679 0.723725 0.658161 0.696009 0.910045 0.954994 0.963578 0.981828 0.950276 0.991144 1 1 1 1 1 0.993538 0.981923 0.740865 0.314648 0.4452 0.640529 0.874601 0.965616 0.96108 0.720565 0.644956 0.661574 0.720607 0.765016 0.828584 0.640273 0.693433 0.827362 0.883355 0.884344 0.818264 0.945726 0.985349 0.981449 0.995367 1 0.918265 0.916347 0.97851 0.949922 0.90803 0.910361 0.870564 0.939152 1 1 1 1 1 1 0.945476 0.952518 0.932571 0.874773 0.874068 0.858311 0.876916 0.963824 0.942643
0.636224 0.547537 0.546683 0.680655 0.748962 0.7117 0.670212 0.701097 0.921091 0.963204 0.945791 0.977978 0.992629 0.993389 1 1 1 1 1 1 1 1 0.695544 0.370462 0.541508 0.799133 1 1 0.966354 0.8217 0.798954 0.703427 0.583067 0.682142 0.561912 0.497123 0.567738 0.638272 0.73667 0.793631 0.860446 0.89456 0.936761 0.976669 1 0.967003 0.906522 0.929474 0.887239 0.836795 0.903912 0.819782 0.946154 0.955436 1 1 1 0.998426 1 0.965561 0.97532 0.94695 0.883062 0.855343 0.836976 0.853637 0.941642 0.983212
0.691575 0.732471 0.64818 0.654352 0.716005 0.695906 0.681111 0.721112 0.971382 0.996591 0.996993 0.990585 1 1 1 1 0.997654 0.970283 0.988921 0.982764 0.965192 0.997792 1 1 0.838887 0.650743 0.987482 0.977383 0.9706 0.936755 0.974368 0.976813 0.928964 0.73363 0.744893 0.518547 0.45611 0.426316 0.462935 0.611325 0.729596 0.799904 0.858511 0.927483 0.992693 0.995349 0.912063 0.863179 0.846392 0.736433 0.778246 0.711241 0.867587 0.951926 1 1 1 1 0.985384 0.987922 0.988835 0.974366 0.946521 0.895117 0.864977 0.893834 0.95317 0.955906
0.842885 0.937109 0.878613 0.794332 0.78296 0.70983 0.700642 0.740197 0.972273 1 1 0.996343 0.933923 0.884797 0.792052 0.831109 0.89629 0.878572 0.908413 0.99775 1 1 1 1 1 0.944054 0.840465 0.934514 0.986824 0.969459 0.949521 0.94643 0.986845 1 0.96538 1 0.769822 0.399215 0.375358 0.42773 0.517787 0.609101 0.688685 0.821356 0.919348 0.965382 0.978092 0.88628 0.748913 0.653116 0.622938 0.611089 0.692895 0.912463 1 1 1 1 0.99946 0.967792 0.944691 0.991902 0.948822 0.900108 0.900249 0.939891 0.920023 0.923889
0.905771 0.905847 0.914295 0.871032 0.772009 0.69078 0.67472 0.767697 0.966988 0.99023 0.980413 0.988124 0.994839 0.990598 0.933195 0.858331 0.869068 0.910062 0.941352 1 1 1 1 1 1 1 0.817875 0.970698 0.957436 0.934491 0.89919 0.90618 0.980511 1 0.994675 0.951284 1 0.941357 0.463095 0.44776 0.482422 0.498069 0.545404 0.616442 0.716348 0.872348 0.921727 0.878954 0.830692 0.609304 0.542294 0.557241 0.584057 0.738727 0.966216 0.990182 0.987541 1 0.985472 0.933342 0.977364 0.974334 0.938563 0.963407 0.900876 0.919827 0.945181 0.915957
0.892818 0.862977 0.912783 0.896666 0.816653 0.665546 0.635237 0.747101 0.989152 0.996484 0.994312 0.997422 1 1 1 0.990328 1 1 0.985171 0.930714 1 1 1 1 1 1 0.851761 0.955096 0.953672 0.979453 0.934679 0.92737 0.96962 0.978813 1 0.976293 0.968409 1 0.985352 0.571437 0.610091 0.599927 0.606606 0.576821 0.570832 0.595586 0.705859 0.647257 0.648138 0.482201 0.404606 0.463814 0.519196 0.609711 0.809926 0.922004 0.98517 0.934631 0.957272 0.892817 0.990378 0.983702 0.930462 0.946006 0.948105 0.921434 0.920049 0.953522
0.872552 0.818989 0.893578 0.894143 0.851723 0.702259 0.649785 0.71979 0.967225 1 1 1 0.982774 0.964247 0.975137 1 1 1 1 1 1 1 1 1 1 1 0.899473 0.939989 0.96204 0.945425 0.943787 0.970775 0.97808 0.934055 1 0.98491 0.921721 1 1 0.970096 0.565717 0.549222 0.576976 0.522255 0.501983 0.501704 0.542939 0.532677 0.546207 0.41443 0.293902 0.416185 0.4634 0.548478 0.637193 0.750024 0.900012 0.932718 0.858583 0.838459 0.946939 0.966341 0.962107 0.935283 0.928488 0.881299 0.875602 0.912778
0.862849 0.846529 0.884503 0.894491 0.885174 0.78609 0.673216 0.702636 0.918184 0.997855 1 0.981692 0.988848 1 1 1 0.931807 1 1 1 0.99771 1 1 1 0.984165 0.996515 0.800707 0.914408 0.945368 0.94404 0.930292 0.916608 0.91624 0.973144 1 0.977557 0.993358 1 1 1 0.999092 0.559484 0.467757 0.486931 0.343803 0.431493 0.489659 0.486416 0.619677 0.57361 0.319739 0.282866 0.406569 0.449957 0.532922 0.597295 0.74737 0.841023 0.874403 0.786497 0.890364 0.879967 0.887122 0.878651 0.861156 0.870226 0.880077 0.844539
0.838436 0.873479 0.888539 0.891337 0.825466 0.747363 0.694738 0.738129 0.878348 0.978752 0.99397 1 1 1 1 1 1 1 1 1 1 1 1 0.989986 0.971543 0.954938 0.713062 0.879605 0.918915 0.933817 0.989374 0.898811 0.909251 0.966435 1 0.99945 0.967721 1 0.989987 1 1 1 0.677828 0.64796 0.679264 0.656426 0.965431 0.613614 0.781785 0.940126 0.899362 0.367045 0.345926 0.39156 0.399823 0.481523 0.530437 0.658524 0.746449 0.694127 0.758462 0.788251 0.811722 0.812286 0.772015 0.743112 0.790648 0.771464
0.737883 0.764169 0.735607 0.788754 0.797899 0.648855 0.612944 0.692492 0.842783 0.972523 0.995862 1 1 1 1 1 1 1 1 1 1 0.991922 1 1 1 0.997384 0.708075 0.816441 0.92218 0.91882 0.9893 0.927239 0.873706 0.96327 1 1 0.993031 0.986399 0.926275 1 1 1 1 0.624097 0.719153 0.825813 1 1 0.855809 0.901127 0.972878 0.990256 0.432743 0.360281 0.391426 0.437708 0.509902 0.550106 0.642765 0.643202 0.692686 0.700696 0.714391 0.756416 0.715042 0.667609 0.624694 0.692513
0.641891 0.544506 0.520793 0.568986 0.680321 0.675829 0.58367 0.587644 0.707863 0.895546 0.99603 1 1 1 0.998404 0.990304 1 0.983154 0.995479 1 1 1 0.995475 1 1 1 0.801327 0.863869 0.868336 0.908511 0.957423 0.962992 0.865214 0.907483 0.988061 0.996894 0.962012 0.897255 0.996312 1 1 1 1 1 0.705133 0.527301 0.734009 0.839063 0.806421 0.924362 0.983425 0.991903 1 0.523783 0.503815 0.448603 0.482992 0.563756 0.674489 0.653073 0.658344 0.696548 0.685507 0.678081 0.739063 0.742629 0.656317 0.750915
0.57563 0.538515 0.497466 0.472053 0.534795 0.638392 0.619728 0.608868 0.607621 0.746754 0.945947 0.997867 1 0.976421 0.99704 0.942921 0.932032 0.892134 0.880527 0.965534 1 0.988474 0.952115 0.944204 0.957068 0.938218 0.60328 0.770553 0.926708 0.911996 0.936628 0.958243 0.922896 0.867599 0.911274 0.94776 0.925712 0.855036 0.940689 1 1 1 1 1 1 0.982798 0.523876 0.525845 0.633479 0.806767 0.942224 0.989699 0.983399 0.990215 0.595241 0.572519 0.52704 0.553194 0.670966 0.840966 0.79659 0.826544 0.820321 0.802472 0.816293 0.87605 0.819645 0.776862
0.551191 0.5361 0.467307 0.491911 0.494679 0.619704 0.612722 0.670592 0.632201 0.597508 0.772924 0.984936 0.988371 0.997948 1 0.969799 0.867851 0.725809 0.675307 0.732617 0.813619 0.900181 0.925449 0.926914 0.976706 1 0.515976 0.607608 0.870756 0.888003 0.92761 0.949434 0.949847 0.921269 0.858409 0.835244 0.843625 0.835197 0.831167 0.899899 1 1 1 1 1 1 1 0.767905 0.607072 0.782175 0.898093 0.978006 0.934177 1 0.874444 0.676816 0.694421 0.758243 0.761831 0.847706 0.876072 0.894754 0.918651 0.921322 0.885659 0.836338 0.887142 0.850378
0.597405 0.546159 0.425465 0.480735 0.526141 0.536287 0.483434 0.528899 0.63647 0.58306 0.605172 0.938744 1 1 1 0.991532 0.974926 0.975602 0.83876 0.685139 0.642414 0.838399 0.998533 1 1 1 0.951371 0.554621 0.748314 0.854756 0.901559 0.929922 0.942138 0.954633 0.973745 0.909915 0.873981 0.864694 0.722234 0.788793 0.95589 1 1 1 1 1 1 0.973975 0.883425 0.855177 0.962152 0.978989 0.981931 0.963622 0.962273 0.84062 0.763509 0.778491 0.788818 0.884516 0.835939 0.84288 0.850732 0.809245 0.797239 0.780659 0.917051 0.880662
0.611405 0.844127 0.622416 0.509686 0.547751 0.543287 0.478485 0.407314 0.457525 0.539204 0.565995 0.755429 0.997012 1 1 1 1 1 1 0.998802 1 0.921425 1 1 1 1 1 0.637559 0.603837 0.776951 0.838743 0.858232 0.88642 0.954616 0.928253 0.981426 0.947431 0.930453 0.785387 0.729364 0.906237 1 1 1 1 1 0.999182 0.989648 1 0.883626 0.942484 0.960199 0.988061 0.983799 0.909887 0.888472 0.807144 0.751762 0.670424 0.744744 0.7841 0.843313 0.823463 0.827662 0.75445 0.744386 0.90217 0.950923
0.756209 0.877531 0.888674 0.646907 0.579928 0.686233 0.59271 0.50685 0.519351 0.532705 0.566328 0.715711 0.921976 1 1 1 1 1 1 1 1 1 1 1 1 1 1 0.993977 0.505274 0.662939 0.824033 0.82472 0.795978 0.855868 0.885991 0.97501 0.993844 0.92489 0.773982 0.699067 0.85485 0.952439 1 1 0.996259 1 0.982828 1 0.984994 0.995985 0.880511 0.981981 0.966738 0.992735 0.96718 0.937154 0.825556 0.797917 0.693479 0.723719 0.731367 0.858816 0.7942 0.798465 0.805434 0.859052 0.874215 0.922993
0.801511 0.76803 0.778673 0.724086 0.697176 0.861113 0.767838 0.619279 0.59068 0.583941 0.559662 0.727761 0.843339 0.942602 0.956237 0.992925 0.996901 0.996476 1 1 1 1 0.916374 0.88586 0.952384 0.979404 1 1 0.708328 0.529731 0.709654 0.781887 0.766809 0.740132 0.863954 0.950575 0.949138 0.977031 0.850899 0.58081 0.715121 0.89829 0.971085 0.963699 0.991986 1 0.999618 0.980833 0.990243 1 0.999596 0.972315 0.978238 0.962526 0.986248 0.980495 0.923988 0.893631 0.801821 0.801431 0.887559 0.858183 0.893863 0.790131 0.771531 0.783819 0.854341 0.911664
0.790664 0.763346 0.778737 0.737448 0.754518 0.870927 0.965242 0.887897 0.704097 0.569834 0.633794 0.702993 0.83417 0.915675 0.911742 0.918021 0.933548 0.983122 0.977917 1 1 1 0.994684 0.826787 0.921301 0.978092 1 1 0.967047 0.490159 0.505971 0.684304 0.819379 0.692857 0.758585 0.949605 0.987395 0.950816 0.974996 0.719828 0.560664 0.745951 0.926545 0.921454 0.950974 0.963262 0.998195 0.985592 1 0.980128 0.999624 0.970976 0.96963 0.939937 0.979557 1 0.995163 0.965751 0.934776 0.842415 0.920345 0.928668 0.879655 0.810127 0.720516 0.759752 0.774533 0.854762
0.782788 0.806398 0.868686 0.815661 0.7973 0.749361 0.806598 0.924113 0.925403 0.747079 0.709375 0.746502 0.819814 0.850817 0.806246 0.777629 0.800881 0.783498 0.857393 0.945009 0.959167 0.949785 1 1 1 0.968234 0.959303 0.935703 0.888049 0.589431 0.497877 0.631236 0.75608 0.81412 0.755758 0.841737 0.957962 0.958908 0.999601 0.967323 0.65725 0.530866 0.685695 0.771556 0.777035 0.8468 0.927643 0.968222 0.960395 1 0.998489 0.957236 0.952508 0.955325 0.980497 0.998269 0.978472 0.973142 0.959819 0.932207 0.91401 0.894773 0.869011 0.733757 0.774465 0.83857 0.816503 0.805091
0.77317 0.749043 0.720232 0.769567 0.833068 0.897693 0.76638 0.866976 0.801785 0.73564 0.750988 0.83822 0.882505 0.881422 0.803561 0.798082 0.806179 0.664175 0.538549 0.669763 0.878097 1 1 1 0.920821 0.811408 0.762913 0.895756 0.965458 0.726813 0.671488 0.737295 0.771323 0.816985 0.791748 0.739478 0.767676 0.850716 0.987698 0.992918 0.978343 0.722283 0.627835 0.680571 0.672866 0.641903 0.728041 0.860059 0.937138 0.965154 0.954529 0.908353 0.961074 0.882979 0.845406 0.873492 0.891623 0.905055 0.861123 0.873072 0.842386 0.795842 0.833566 0.717165 0.766763 0.911213 0.983274 0.832726
0.762858 0.7608 0.793005 0.747385 0.776799 0.862668 0.907076 0.851863 0.820261 0.746338 0.806551 0.947361 0.932515 0.922992 0.943435 0.980882 1 1 0.923388 0.764976 0.83258 0.994415 0.998713 0.92999 0.783579 0.849183 0.99025 1 1 0.891068 0.63995 0.778075 0.879502 0.855524 0.817718 0.741214 0.634876 0.688037 0.869711 0.940193 0.985404 0.950586 0.90884 0.893247 0.789808 0.651767 0.644157 0.694793 0.820021 0.841485 0.756288 0.685426 0.763662 0.7127 0.603234 0.598286 0.581956 0.615567 0.633342 0.730074 0.837271 0.715428 0.719818 0.788945 0.751559 0.847736 0.977384 1
0.764638 0.817588 0.846652 0.862012 0.751048 0.776484 0.847996 0.876067 0.792136 0.768299 0.854134 0.949656 0.948219 0.944339 1 1 1 1 1 1 0.983821 0.95042 0.968294 0.891857 0.863007 0.845916 0.958198 1 1 1 0.590196 0.571617 0.783608 0.842751 0.860854 0.87415 0.588585 0.590137 0.727111 0.72207 0.880728 0.914378 0.9334 0.92479 0.915386 0.749657 0.627357 0.615013 0.546122 0.675109 0.635194 0.584074 0.630416 0.688618 0.579122 0.553147 0.500219 0.494755 0.49341 0.579279 0.721774 0.790717 0.745465 0.800323 0.854998 0.811752 0.892617 1
0.796148 0.794739 0.785195 0.818004 0.704799 0.660077 0.775453 0.778149 0.730317 0.703281 0.73885 0.836696 0.967317 0.997417 1 1 0.971275 0.937472 0.967433 0.933964 0.845548 0.851475 0.912503 0.764284 0.766261 0.740551 0.89381 1 1 1 0.977983 0.434261 0.513807 0.655189 0.729441 0.88139 0.637428 0.415334 0.528164 0.574479 0.669258 0.780893 0.869338 0.800375 0.757677 0.622499 0.581399 0.599138 0.542959 0.489399 0.514635 0.386873 0.492839 0.661267 0.678233 0.649205 0.650553 0.540652 0.502824 0.581726 0.768835 0.82251 0.874486 0.87667 0.896557 0.835335 0.84382 0.947638
0.862793 0.815116 0.779274 0.942114 0.821615 0.7249 0.808896 0.829255 0.746164 0.681344 0.803824 0.807377 0.960903 1 1 1 0.971222 0.841124 0.815197 0.79258 0.707877 0.699402 0.829186 0.966249 0.604047 0.636861 0.877647 0.998393 0.983711 1 1 0.661421 0.408856 0.530835 0.593853 0.699069 0.721919 0.43454 0.347641 0.414615 0.54261 0.625378 0.688368 0.692934 0.644908 0.53972 0.571742 0.629959 0.632293 0.553605 0.603954 0.413074 0.34862 0.4726 0.583715 0.633329 0.837491 0.899261 0.785877 0.726662 0.877046 0.869887 0.880562 0.986197 0.991939 0.84988 0.799309 0.796427
0.903619 0.968179 0.829939 0.836738 0.905768 0.89236 0.814318 0.843526 0.870299 0.951899 0.951849 0.895921 0.857492 0.933207 0.984432 0.96819 0.963717 0.884736 0.783649 0.718308 0.701073 0.824822 0.989171 1 0.84152 0.698344 0.860124 0.983306 0.937835 1 1 1 0.539843 0.478909 0.520327 0.63508 0.802537 0.604946 0.362835 0.313213 0.347328 0.560301 0.577011 0.587107 0.599561 0.57772 0.629099 0.622621 0.600472 0.638306 0.661685 0.581952 0.499579 0.598408 0.638334 0.6341 0.723162 0.881907 0.808531 0.835597 0.837946 0.811251 0.822927 0.949339 0.98497 0.837129 0.76178 0.800152
0.896709 0.93826 0.925653 0.777346 0.765059 0.923434 0.811925 0.780357 0.784933 0.880276 1 0.964403 0.903438 0.842308 0.86109 0.80395 0.835051 0.811877 0.754918 0.766857 0.695929 0.88729 0.920204 0.990801 0.981991 0.845215 0.832809 -9999 -9999 1 1 1 1 0.981924 0.781521 0.839698 1 1 0.7153 0.395201 0.295475 0.427993 0.549185 0.492762 0.518031 0.552714 0.633976 0.593948 0.582405 0.734927 0.899418 0.756261 0.736089 0.864334 0.792807 0.721162 0.651227 0.771681 0.670818 0.665585 0.728408 0.664055 0.553174 0.578058 0.741574 0.81514 0.697477 0.780435
0.856619 0.816331 0.855927 0.88437 0.823831 0.891619 0.861203 0.709196 0.656864 0.64541 0.870311 0.970514 0.946745 0.94358 0.912316 0.875548 0.948715 0.988251 0.938988 0.889087 0.687707 0.691696 0.81223 0.941758 0.981089 0.926273 -9999 -9999 -9999 1 1 1 1 1 1 0.92894 0.952991 0.996646 1 0.664592 0.368404 0.395451 0.487058 0.489037 0.440118 0.533763 0.634916 0.620374 0.653053 0.780776 0.826795 0.844784 0.841638 0.830126 0.887299 0.695527 0.669227 0.792533 0.79512 0.722622 0.644743 0.706128 0.68998 0.573152 0.668417 0.830973 0.653081 0.644451
0.813099 0.762881 0.746326 0.759815 0.787941 0.793848 0.805043 0.729617 0.715245 0.694958 0.695702 0.826827 0.778544 0.83065 0.937029 0.86007 0.855284 0.945536 1 1 0.90872 0.652951 0.68753 0.834407 0.896076 -9999 -9999 -9999 -9999 -9999 1 1 1 1 1 0.959757 0.962785 0.97937 1 1 0.834746 0.808908 0.801159 0.630786 0.460111 0.550269 0.605723 0.671658 0.784947 0.896715 0.805176 0.745757 0.761421 0.800483 0.914392 0.760273 0.698712 0.803901 0.845929 0.793924 0.824766 0.757559 0.723555 0.67433 0.69865 0.779785 0.73989 0.62347
0.734763 0.721212 0.738605 0.692868 0.707364 0.729958 0.738927 0.658759 0.633221 0.717457 0.732229 0.717841 0.628627 0.624811 0.77764 0.745513 0.56197 0.593401 0.918001 1 0.992625 0.861192 0.802234 0.768624 -9999 -9999 -9999 -9999 -9999 -9999 -9999 -9999 -9999 -9999 1 0.979353 0.996706 0.977475 1 1 1 0.94899 0.968472 1 0.916948 0.899458 0.813197 0.68224 0.7185 0.861727 0.929722 0.901728 0.765521 0.788901 0.862595 0.894078 0.688333 0.704592 0.739893 0.738723 0.809288 0.846047 0.771512 0.692397 0.730683 0.812791 0.828863 0.706891
