input_data/wasim/wasim_run1/input/alm.slp
ncols	135
nrows	130
xllcorner	22597.5
yllcorner	185062.5
cellsize	100
nodata_value	-9999
[rows 31 to 61 of 130, columns 0 to 69 of 135]
17.7034 22.3868 16.4109 17.6617 20.8248 26.7913 33.3064 23.2909 2.71104 12.7822 24.5178 34.2999 39.8436 47.2436 47.2998 36.6449 22.4007 18.9211 37.5797 43.9452 37.6998 18.9193 48.16 42.9419 48.5431 56.8529 55.2261 17.6975 30.6767 35.3909 27.1901 23.6254 21.9831 19.7102 26.9379 22.2158 12.8662 11.6168 16.0266 11.1193 2.44223 7.24234 12.1887 15.7033 15.1386 19.4763 18.5357 20.1899 24.7534 33.8473 33.9094 35.8827 31.2914 25.0495 24.5093 31.1874 32.0101 38.3074 30.8793 30.3027 26.075 25.0995 28.2544 28.2203 28.7007 26.383 22.6657 15.6382 6.82494 10.9655
24.4893 27.4767 31.5454 20.8225 18.2571 27.4299 33.4297 22.4486 4.76409 18.5398 24.8982 38.8167 42.5522 34.5218 33.5501 33.7938 34.4083 29.2948 30.62 34.2237 39.8153 45.3064 38.0419 46.1411 44.8379 38.0554 43.7137 37.3478 31.6408 32.3534 22.5608 25.8917 28.0563 18.0841 29.546 31.1901 25.5004 19.894 14.6103 11.9603 10.296 9.64713 8.87854 11.5574 18.2163 15.0875 15.2964 20.2866 28.6461 24.6799 23.8421 19.8002 7.82314 10.8111 19.7134 21.6921 21.1676 23.7428 30.743 26.3513 22.3754 23.6401 23.1908 24.3338 27.3175 23.4238 15.2693 13.5206 16.612 22.6411
27.078 30.3905 32.1936 26.3268 23.3444 30.7783 33.8258 20.2038 7.28289 19.3977 23.9133 27.5224 32.5779 32.8408 30.3174 30.9082 31.2837 35.1189 40.0306 39.4837 39.403 39.6924 32.1567 18.7406 14.615 34.7281 21.4627 39.7349 41.9133 33.6581 28.35 26.4105 19.8778 16.9639 17.6454 31.6 37.4517 36.9841 32.8234 20.8351 14.3591 12.7794 13.1889 8.3734 12.6918 14.4257 17.265 18.6163 18.2704 19.6014 18.7812 17.4881 8.52886 0.358408 10.4024 14.8564 14.889 12.8561 21.799 21.3058 25.6064 22.5466 23.0069 28.583 29.8102 20.5573 18.7335 25.0424 27.8354 30.4511
25.9414 25.9553 23.2134 19.5032 23.8088 32.5427 33.7378 19.077 5.06373 16.1583 24.3951 35.7338 42.2334 39.5312 40.4887 38.241 43.5014 40.6566 32.5286 39.2458 34.8549 29.378 28.4834 35.1227 44.3065 12.2047 36.8629 29.3458 28.9223 27.5031 32.5645 34.3175 34.4704 11.8365 8.59306 3.00915 14.8684 41.7826 41.2319 36.3307 29.603 23.3832 17.6724 11.4818 11.1113 12.9732 9.27838 10.399 16.4079 21.9955 22.8654 24.4628 17.0707 3.07236 5.28162 10.9236 17.4985 16.5727 15.6869 25.8976 25.8682 25.3339 31.4623 31.2355 27.626 25.8557 28.6245 30.5503 30.0618 27.6018
22.4216 20.3419 16.111 17.87 26.048 32.456 31.141 16.6548 2.79928 16.8433 30.0173 45.4917 48.3432 40.9651 32.1477 35.2401 42.3754 31.9478 20.6582 23.115 34.7585 34.3673 30.7149 24.5902 42.5679 21.6315 25.2224 13.7649 18.8144 19.7952 20.9733 16.2506 17.8588 29.5121 18.1752 21.4923 33.4763 6.26969 38.0378 37.0415 34.0385 32.49 29.5942 24.2556 15.66 4.95032 4.98692 6.0627 11.6987 26.01 28.8429 28.7502 27.8839 12.2106 4.7119 12.1869 14.0034 22.3444 28.5408 34.9749 28.6732 30.8236 32.9774 31.4495 30.7189 29.1737 29.8096 26.5584 23.5881 23.3888
19.1443 17.4477 14.2554 15.5838 20.5107 31.4333 33.157 16.4948 9.68625 22.8566 28.4745 32.574 38.0574 41.6987 44.1437 42.1214 33.9601 22.3885 22.476 28.0142 34.9387 30.0223 32.823 27.4223 41.6044 26.9743 23.3622 19.7559 17.3225 18.3465 20.4051 15.9243 11.4087 29.7263 23.1587 16.1444 32.053 40.1228 10.9622 29.5313 27.935 28.8466 28.8721 27.5895 27.9838 20.9834 21.9272 23.2568 29.1043 42.5978 36.8227 34.569 31.361 24.0929 13.7185 10.6464 14.8881 19.9339 27.9974 29.0658 28.4205 29.891 28.7239 28.9479 24.3825 26.6007 27.208 21.6234 21.3937 21.2924
17.662 16.3659 13.0445 14.8233 19.0068 28.8134 33.2024 18.603 4.92022 20.8673 29.9344 37.2826 47.225 44.0822 35.9204 25.111 32.6827 38.3394 30.7584 23.3269 30.6996 27.4621 23.9944 28.3226 37.2833 24.9552 20.3142 19.1378 18.5241 23.4923 20.6647 16.0176 21.1343 19.3447 24.1829 23.4634 17.3953 36.5657 35.8371 12.6377 31.5365 28.9344 24.351 32.0082 31.0379 35.5431 39.2244 40.3532 53.5472 45.3985 49.5372 40.6561 37.1333 30.5946 25.0519 15.6684 8.97201 15.1905 23.7303 22.057 17.8613 20.0363 17.9052 15.2585 20.306 24.9543 17.2411 16.1089 17.4565 12.4852
17.8384 17.6903 17.1038 16.5124 15.9177 27.5256 32.6166 18.4505 2.7048 14.01 33.3094 46.321 48.5027 42.2496 32.9702 19.7751 22.3066 30.3425 21.2465 31.079 30.5936 21.386 23.8566 29.6598 37.3921 14.5689 21.3023 16.6387 18.4402 18.2829 12.115 15.4111 20.0796 12.0598 18.0154 17.0744 10.5906 22.4163 34.1309 36.6734 1.66744 30.013 35.7405 38.4874 50.3333 45.6681 47.4372 54.9804 37.5475 29.8718 50.7023 50.8786 39.0592 36.8449 29.1565 24.27 20.0786 17.7303 20.0997 20.002 9.47532 10.285 8.82608 13.5336 21.2163 13.9493 13.463 19.8097 11.2663 7.47367
17.2892 19.6355 17.5666 13.187 18.0728 25.4759 24.0663 16.9779 5.67122 14.6552 39.8195 44.6835 34.6047 38.7231 36.1524 32.2088 21.0336 27.3833 27.9826 29.7615 27.8714 22.6791 32.6872 37.5767 40.1314 7.63472 26.522 20.9132 19.1241 14.8149 11.4967 18.6473 19.0363 10.7807 14.4682 6.20361 8.3145 10.0974 26.3135 36.6949 33.6506 13.8956 33.1321 39.2022 26.8644 19.1389 23.1482 26.2073 36.5696 27.755 23.827 48.4867 48.4608 41.0249 39.0226 34.3459 31.6604 21.1072 17.2148 16.6356 13.1041 11.9322 13.7899 19.193 18.8319 16.7537 16.0734 12.8726 10.1825 12.2188
20.0475 13.9928 13.944 11.142 13.7745 25.7855 28.8424 18.7107 6.27057 16.1288 28.4156 38.432 38.6859 34.2577 30.4797 24.8723 14.2687 16.8422 34.1354 35.5214 22.4975 13.873 42.0586 47.6855 38.2484 11.2219 35.2904 22.0581 17.6475 14.1354 16.1679 19.1081 15.0135 7.7029 12.1071 15.2379 10.6656 24.1877 22.2713 31.2435 38.9769 38.3732 28.685 24.7335 37.8122 21.8074 31.7522 44.2432 45.6609 38.5463 36.1942 23.2879 39.5887 43.261 40.7847 38.6917 34.1727 28.9309 22.2014 22.5236 19.169 19.6756 18.4058 16.2524 17.5817 21.2251 23.0379 16.9541 19.3433 17.5353
23.4931 29.2724 29.4645 25.5803 17.6069 23.3683 29.5297 25.0815 15.3132 14.38 22.7343 30.8315 34.8632 33.601 23.8329 18.5551 19.0993 10.4537 19.7554 34.871 27.1254 17.4114 25.2725 37.5228 44.848 19.5414 25.413 21.4336 18.5882 11.7773 11.1913 11.2287 11.1629 6.43116 4.41937 8.49598 17.4071 24.3912 13.6839 22.8044 35.4675 43.0729 45.979 30.5614 35.9549 30.6276 14.569 33.5935 30.5061 22.3225 20.7618 29.4734 16.2986 34.5311 41.3225 42.3009 36.136 26.3816 19.2911 22.5876 20.3038 18.2699 21.9075 18.1278 17.1124 16.2037 23.0835 10.934 23.8183 22.4632
28.6574 30.6596 33.0876 35.02 28.2892 23.7669 24.524 25.416 25.2464 18.3199 14.9592 22.5527 38.0934 42.8523 17.9031 12.6698 25.4522 22.4345 23.9947 25.1033 25.4196 26.1739 31.6911 34.4751 40.0463 14.3952 29.5722 19.9585 11.5863 12.665 9.59546 5.76342 7.38601 8.534 4.32136 7.24953 15.7997 10.369 4.48973 16.7347 27.8443 37.5332 42.9685 45.44 29.7356 3.73436 36.1964 34.9794 29.0731 17.0212 11.5352 5.86785 28.3251 20.4469 31.7955 33.4098 34.9231 31.2422 18.0813 12.4086 18.7034 19.8088 16.9695 12.7215 13.2167 16.9039 21.5672 8.95736 18.9595 21.7871
31.9157 31.2045 35.0983 33.1188 33.7496 26.6463 24.252 20.3763 25.9221 26.921 14.7866 24.551 40.7127 36.4179 20.6745 29.8356 33.9134 32.6351 35.5176 33.3688 27.6113 36.0198 38.8259 40.196 38.888 14.4454 39.319 29.4199 14.0409 11.0488 4.88385 4.21492 4.92608 5.01067 9.59628 12.586 7.37845 10.4505 14.3724 11.5566 24.7534 30.7342 38.308 39.0114 37.8566 43.6669 25.1218 35.7838 37.8448 19.6741 4.58853 4.52451 6.8782 19.6104 17.9678 36.0524 28.7539 26.774 28.7622 24.1196 24.1232 17.1858 10.6303 9.39563 21.5717 22.3059 6.33979 16.663 17.1141 23.2694
27.5914 37.1411 38.3909 38.3191 34.5877 30.0962 34.6208 31.0082 23.93 29.3818 22.305 17.9955 35.4795 35.8146 29.7249 38.1292 39.3838 26.9548 27.2984 35.4058 40.7486 32.0403 30.3503 23.979 30.0029 41.3676 19.516 33.6524 15.7719 9.02265 6.59232 6.21368 4.06669 2.8854 5.60081 7.61361 9.90169 12.3551 20.5462 15.1208 16.654 26.0126 31.8255 34.2063 36.3626 37.6488 43.4184 40.8551 19.6776 18.7439 10.5956 17.5143 13.2414 15.2096 29.7226 31.5274 33.0759 34.2099 24.5647 20.3747 18.1596 10.6415 11.7278 17.4264 18.6562 7.64481 8.51774 12.321 21.3749 25.983
26.2687 10.1045 37.9248 41.5112 30.0542 32.7684 42.3346 39.1872 36.1138 28.7848 26.0654 11.631 24.8846 32.0517 41.297 46.5954 31.4563 27.073 40.4547 35.4433 3.45188 18.1971 21.9791 29.8064 32.7448 33.3743 29.272 23.8145 24.0234 12.4187 9.69422 8.13097 4.67765 7.37206 12.5999 9.21339 7.0631 3.67649 17.8234 24.5252 9.32942 18.8781 23.8339 28.132 30.4793 34.1116 37.5918 35.1937 32.7471 22.8188 27.8162 25.4468 26.8372 25.6601 30.6224 26.9159 28.2356 26.6195 24.9385 17.9223 9.69907 10.9061 14.1522 12.0644 16.4471 16.1618 3.01635 17.1756 21.5736 30.499
21.5164 30.2378 26.7336 27.5972 23.9135 32.6465 30.0527 31.13 33.4759 33.0563 26.8631 17.7877 8.30836 22.6294 34.3816 40.957 38.3856 28.5631 34.3713 36.1558 35.7081 23.5646 19.3564 18.8419 18.3234 24.9254 36.3366 3.55406 33.866 16.516 10.4095 11.1892 13.3647 14.1354 8.18394 3.28078 1.51776 6.63008 22.1516 23.4174 13.7323 12.6485 17.6518 25.5294 28.2185 31.2434 31.2325 32.1686 39.0864 30.224 28.212 21.4 22.1934 27.3871 19.8578 18.7094 20.8568 17.6835 21.4802 20.3811 17.9905 15.3694 13.1122 12.245 12.6897 8.87179 8.9647 18.1726 31.2226 30.0636
21.6393 19.4545 12.9823 16.0004 19.5737 14.7993 15.0612 24.6153 27.1615 30.7445 27.13 14.3326 15.0289 24.7518 29.2513 33.6554 39.0625 25.6637 13.7499 28.7481 24.8259 23.2174 18.9064 1.63113 6.48441 20.5779 32.5508 30.1052 18.9988 30.5132 14.955 11.672 15.3477 17.1514 9.28746 5.90281 3.21064 5.1568 16.5731 30.6149 20.0349 12.5193 11.8257 18.2819 20.6311 26.9629 25.1615 27.3192 21.9061 32.1447 17.4488 19.9166 20.0487 26.2277 24.1886 21.5784 17.2088 14.5354 20.6906 18.5308 17.2139 13.6636 7.32096 15.1223 19.045 10.967 15.883 26.3046 24.9142 29.7219
16.9848 15.3487 14.2169 17.2358 14.8016 6.74296 5.42196 7.92995 23.9193 32.0328 24.7863 16.4225 19.9189 28.729 32.8096 35.5856 36.0834 23.0885 7.28304 9.58773 15.6407 39.4693 28.5865 10.437 9.34177 9.78894 16.6298 26.3366 15.2403 35.7067 28.7412 16.593 14.9001 23.4703 14.6436 5.85906 6.1098 12.8255 9.01575 22.2561 33.0833 14.3964 8.05605 9.86325 11.1194 14.6283 17.8354 19.1631 23.0436 22.6274 22.4174 25.3357 29.5475 29.888 28.7585 26.7574 24.5122 22.0639 27.0476 26.874 19.3179 3.14477 8.91977 13.5841 15.1197 20.4078 21.2552 18.7583 24.454 36.5485
14.9602 11.4966 7.68325 11.8646 11.4113 16.3357 15.419 8.29178 13.4134 24.1757 22.4652 15.6096 25.8991 33.8916 41.8262 42.7836 39.4449 22.7146 4.76861 9.77878 24.7713 32.7124 26.5035 10.6015 3.21772 8.65448 23.4943 37.2872 35.2442 29.7131 35.3238 28.7263 17.5228 15.7873 21.986 12.4789 12.3742 14.9786 11.0106 14.9655 25.6323 30.6023 15.8422 12.2346 12.5588 7.7755 13.642 19.2578 23.5525 22.6471 24.162 27.6121 26.4034 20.8571 21.0587 23.918 26.3215 25.3184 27.6406 15.1263 5.53281 14.2027 9.65958 15.5793 16.0024 15.7824 17.2207 24.0285 25.3715 37.0213
14.5969 16.0109 16.8922 12.2198 7.97906 13.6384 18.2617 10.4368 18.4169 22.0692 12.3789 17.6805 29.6715 42.4571 47.1878 39.0751 33.4651 23.1506 28.8084 30.9042 26.8364 16.7261 10.6218 10.3997 23.1214 29.873 41.0868 41.2895 24.2798 22.3133 36.3017 27.9061 20.1276 21.3611 17.9829 16.9951 17.0428 10.8748 8.19276 8.389 1.26213 18.0252 25.6109 19.4568 21.2147 24.7079 20.8214 13.0997 7.384 7.83604 12.6016 14.71 10.7376 9.40391 7.62876 5.38911 6.38635 8.89132 5.91805 11.4264 19.2897 16.5262 11.4233 18.1832 12.2191 8.61954 12.0064 20.3122 21.781 41.3378
15.2819 15.9197 12.5185 19.5546 19.5091 15.4274 10.2337 10.098 13.7661 18.0035 10.4601 14.838 32.5442 44.9832 34.5496 21.4807 17.8567 8.75259 12.1101 15.3437 10.3767 13.6085 22.2959 32.484 42.0018 32.0857 20.5031 14.9617 26.1622 28.2137 37.3576 23.9633 18.6325 18.2006 9.78467 16.852 25.074 16.6786 6.82812 3.17377 6.68663 15.807 8.58301 7.11832 15.104 25.8886 26.0214 18.5979 7.95718 11.832 15.2827 17.9142 13.8446 23.9527 28.0018 26.4345 25.392 25.0847 25.8011 21.4944 17.943 25.8953 18.5797 12.5302 15.7443 7.6337 14.2216 15.3277 28.7614 36.4227
15.5713 14.6 18.5984 13.7283 19.41 16.7992 8.06568 7.30491 17.1854 18.7923 6.28853 21.3101 38.1466 37.9313 18.6573 8.11245 19.0698 18.6682 17.3457 10.0697 2.52086 16.4563 32.5925 48.2468 28.8185 19.6591 34.8856 36.8104 35.5689 27.4521 31.8404 31.4082 15.0838 10.2757 6.61125 8.03815 27.8103 22.4373 16.542 15.3443 10.445 11.8413 8.41647 6.79492 6.07261 20.0075 23.8822 24.1057 31.9014 21.7982 25.8041 27.6833 30.0001 30.2552 31.6285 29.7526 36.8358 37.7911 34.3018 27.0949 29.5349 17.4567 21.0111 14.0229 9.40616 11.7278 7.27112 24.7234 30.7064 30.4954
16.067 16.4838 12.3925 11.5057 20.0663 18.4303 12.5442 13.5892 18.6441 17.3401 20.6904 31.7884 36.2026 24.5383 11.3861 8.15836 7.10265 11.963 16.8807 13.1595 17.5904 29.0627 46.0107 51.6077 17.5432 34.6664 20.5393 25.589 35.9479 32.9022 11.691 39.2178 27.7309 19.1675 14.3778 7.83129 23.8813 39.3163 27.8272 25.2706 22.1454 10.3335 7.38863 11.604 17.0612 22.4063 26.0845 33.1065 37.9302 32.7066 39.6863 47.7805 39.3348 24.6595 23.0221 27.567 30.2485 33.9381 33.5403 26.1247 16.2062 22.3992 19.6474 7.43238 7.04074 10.4075 10.5896 17.3041 31.9052 35.2335
15.3629 17.6129 12.7965 5.73359 16.0397 18.5334 11.5873 11.063 20.0483 17.1052 27.0724 25.86 19.3062 21.8433 13.7487 17.5418 18.9836 21.0362 24.3739 28.3884 33.3671 43.1937 55.2924 21.0816 44.7396 31.5447 8.75339 8.75188 29.0494 34.6141 31.0789 26.0817 39.3354 27.6505 26.169 21.9303 29.8352 45.2106 43.2578 38.2068 26.6035 23.2924 20.4015 27.146 30.4773 29.6117 29.5584 33.905 25.818 38.0066 49.4582 49.1823 43.4002 33.0072 29.0414 25.1962 6.83662 6.43422 18.8022 21.7622 21.2876 22.827 14.7515 1.78125 2.37745 10.3418 18.021 30.0393 27.3562 30.9707
12.2201 11.2878 13.3826 12.0208 10.5537 9.11716 12.1045 12.3388 8.30829 7.00297 15.0243 15.7334 13.3761 13.6262 20.6635 22.0619 27.2897 30.6823 35.7875 39.3662 41.4171 39.846 15.4227 38.8361 30.2726 32.629 20.4198 16.7436 22.2898 33.4972 43.129 25.0609 30.774 33.2824 35.0256 27.847 32.0008 28.2613 43.9801 48.4705 38.9417 30.3527 34.6666 40.0178 28.8214 25.5992 28.6331 31.9 31.7399 45.6277 42.9122 28.3731 32.4104 28.3707 24.2096 26.2292 20.1615 14.1519 15.8782 14.8412 20.3164 19.4179 8.7687 2.25892 8.07131 24.5623 29.8899 22.421 12.5529 32.5984
9.48771 4.6169 4.53223 16.586 15.2037 3.47399 12.1751 16.8563 16.0482 5.60703 20.6992 17.4737 16.6347 23.3903 27.0478 33.6867 38.2728 39.5937 42.3439 36.676 32.9553 10.5141 31.8686 36.203 33.4205 29.1855 24.7445 -9999 -9999 34.9345 40.8221 42.9535 21.039 0.817004 14.0951 8.03831 16.7046 23.2055 19.1889 42.375 48.2273 40.1252 42.7441 42.4668 28.6496 26.212 36.0617 38.6245 38.4825 35.196 11.872 31.9954 19.9808 15.5295 18.4779 22.0797 19.0741 13.0015 22.294 25.0813 19.6269 21.0251 31.2259 28.6465 32.2478 32.3811 27.7074 10.9763 4.78786 27.583
9.73066 9.82604 8.50615 12.8269 11.8911 5.44393 9.63745 19.2277 20.847 23.8478 20.4506 25.478 17.5147 24.7917 32.3661 35.3472 32.9466 31.4721 24.9068 22.4802 20.3081 34.053 25.8847 26.585 31.3485 29.6747 -9999 -9999 -9999 37.8783 40.4572 45.6977 43.9496 28.4797 28.1701 27.5079 31.6809 38.5087 32.9162 26.1654 46.4539 47.098 45.419 33.2662 35.3025 36.3583 41.4043 33.6575 22.4643 19.3565 28.9587 20.261 20.4248 11.3502 6.21772 19.7418 20.0109 14.6966 18.6213 23.0562 21.7137 29.8844 30.8676 33.8339 30.9067 25.1072 27.4712 21.1755 9.83457 20.4288
11.9947 14.992 17.3664 14.6546 11.8448 12.6636 12.7041 19.1628 20.7444 23.1288 29.8285 25.5368 27.1159 28.0385 32.3333 28.4961 16.0873 30.0587 39.7776 24.1093 21.5578 37.1034 28.7962 28.1536 28.9405 -9999 -9999 -9999 -9999 -9999 41.3444 42.8622 40.2473 35.2117 28.7284 24.2727 17.0668 18.3633 47.7464 41.6772 11.5476 11.5612 17.1361 29.8108 37.9302 41.1603 35.5513 19.6681 24.3231 21.9804 22.2272 21.4219 13.8127 11.0134 3.93256 16.1882 23.5828 18.7043 19.8255 9.53911 20.3215 21.6586 21.7894 24.6524 27.594 29.2465 17.0354 28.7515 15.4106 30.4943
17.1718 13.4299 16.8585 18.0146 20.7046 19.7753 19.7978 23.869 23.4789 23.8077 33.5528 37.2143 40.9068 36.3391 40.6746 39.5241 30.2328 24.675 30.6056 34.6353 36.1591 25.6127 29.9165 28.9517 -9999 -9999 -9999 -9999 -9999 -9999 -9999 -9999 -9999 -9999 29.4043 24.8681 21.1427 26.0798 35.8737 45.5017 36.5468 34.4684 40.1871 27.4591 17.7226 9.23124 20.3381 37.5165 28.1235 18.6212 13.1987 10.4322 16.2418 15.0322 5.7931 11.4232 25.0985 23.1651 13.0359 21.0713 16.2655 21.5934 27.1286 26.1043 26.15 16.0065 21.9372 19.8646 18.775 26.59
23.587 28.2705 16.8847 22.446 31.1905 33.083 28.1929 31.6329 39.2167 35.5379 39.911 44.1841 26.2433 32.928 38.0882 27.483 19.403 18.1244 16.4767 35.9005 37.3312 32.2549 29.1839 -9999 -9999 -9999 -9999 -9999 -9999 -9999 -9999 -9999 -9999 -9999 -9999 -9999 -9999 -9999 35.8184 38.4351 38.738 37.4851 35.9072 39.9365 25.2255 22.2972 31.2828 19.673 29.4208 21.5336 13.7136 9.83915 11.7116 20.3565 19.2974 20.8454 22.31 23.3364 25.1083 22.2743 23.4149 25.5489 28.8038 13.8044 12.2802 15.1642 18.6989 12.5684 12.8375 15.9919
25.9475 35.4758 30.5479 30.2164 27.9101 35.6059 33.3371 27.3594 27.6089 28.9378 30.3273 15.6985 2.71529 20.5767 22.4509 16.482 17.998 30.9121 32.6951 25.4057 32.7231 32.8733 -9999 -9999 -9999 -9999 -9999 -9999 -9999 -9999 -9999 -9999 -9999 -9999 -9999 -9999 -9999 -9999 -9999 -9999 -9999 -9999 37.7763 34.7114 30.5427 25.9527 20.4154 17.9008 25.4759 28.5407 22.673 25.9099 26.9745 34.7969 43.0748 31.6184 29.7679 24.8397 24.6729 20.6787 23.9704 33.3296 20.2164 18.4628 8.90971 16.3531 16.1248 12.0566 7.78216 13.2632
