input_data/wasim/wasim_run1/input/alm.dhk
ncols	135
nrows	130
xllcorner	22597.5
yllcorner	185062.5
cellsize	100
nodata_value	-9999
[rows 31 to 61 of 130, columns 0 to 69 of 135]
2506.21 2482.64 2452.68 2425.56 2389.26 2350.27 2288.33 2218.99 2202.24 2211.76 2235.61 2293.64 2368.1 2445.96 2582.83 2662.07 2721.33 2727.72 2770.74 2874.55 2962.67 3025.15 2947.28 2925.11 2968.26 3045.77 3228.15 3321.78 3281.99 3203.39 3139.91 3101.9 3053.08 3023 2982.68 2928.2 2901.34 2882.57 2860.68 2828.22 2823.03 2820.11 2810.5 2808.11 2830.02 2806.77 2771.36 2760.21 2747.71 2701.51 2667.39 2608.66 2575.71 2582.35 2612.73 2641.27 2670.21 2676.66 2707.2 2678.16 2653.45 2631.96 2586.95 2545.77 2499.73 2458.51 2440.9 2415.81 2403.2 2399
2531.22 2529 2467.79 2417.47 2393.1 2354.29 2289.43 2222.27 2206.84 2232.3 2264.58 2310.52 2420.25 2493.03 2556.88 2608.26 2661.01 2716.03 2769.58 2834.4 2905.29 2998.04 3107.37 3044.72 3058.25 3076.97 3189.36 3266.5 3268.17 3204.05 3157.7 3121.81 3061.65 3031.7 3007.06 2943.4 2911.81 2887.58 2859.36 2839.79 2824.48 2804.2 2791.07 2783 2790.78 2782.42 2755.39 2733.17 2700.05 2644.66 2626.81 2572.87 2561.63 2549.29 2578.47 2598.8 2619.2 2618.39 2658.23 2640.2 2627.37 2606.67 2571.07 2532.49 2488.17 2437.87 2411.87 2404.65 2387.67 2368.58
2620.77 2565.07 2504.02 2439.95 2408.27 2355.53 2289.15 2221.62 2215.55 2245.89 2285.6 2334.33 2388.11 2462.01 2517.16 2577.96 2636.77 2699.36 2769.77 2865.08 2930.75 3019.84 3096.65 3127.36 3164.5 3131.35 3202.82 3191.08 3175.75 3141.36 3128.03 3115.99 3110.02 3058.85 3053.78 3002.95 2978.7 2932.44 2881.52 2852.27 2830.33 2813.83 2787.55 2767.21 2764.2 2766.09 2747.56 2711.19 2683.66 2645.99 2615.83 2578.06 2561.6 2548.24 2560.92 2572.93 2595.28 2597.82 2590.26 2584.02 2578.25 2564.92 2544.07 2509.61 2458.27 2417.45 2397.57 2374.25 2355.67 2326.59
2544.19 2517.69 2481.93 2442.48 2411.1 2354.56 2284.01 2221.9 2215.55 2239.53 2271.16 2329.27 2414.77 2489.65 2541.61 2602.76 2666.5 2761.82 2797.18 2869.54 2960.46 3003.78 3042.19 3043.97 3110.25 3210.2 3138.22 3102.47 3095.66 3079.72 3052.81 3024.13 3017.33 3055.34 3037.43 3040.88 3047.82 3002.66 2960.43 2896.12 2858.3 2819.29 2786.24 2765.07 2745.75 2733.74 2726.24 2711.83 2689.62 2666.39 2630.14 2604.96 2561.13 2548.24 2551.45 2558.38 2572.21 2573.02 2579.44 2563.13 2533.44 2531 2506.63 2465.32 2420.07 2393.81 2359.58 2321.13 2293.43 2268.36
2521.27 2490.23 2462.78 2440.97 2400.69 2343.87 2273.55 2223.18 2215.55 2232.17 2272.43 2343.34 2473.22 2567.62 2645.07 2674.11 2740.33 2810.83 2838.08 2870.89 2893.59 2942.4 2995.85 3004.24 3062.14 3164.35 3098.5 3087 3067.61 3046.46 3013.03 2984.16 2976.31 3022.07 3027.24 3001.33 3015.56 3088.33 3020.71 2958.11 2914.05 2861.64 2821.03 2770.51 2740.51 2724.35 2723.32 2713.63 2721.12 2700.66 2673.62 2637.36 2585.16 2543.43 2545.46 2540.39 2533.95 2538.74 2534.97 2498.5 2486.75 2474.11 2440.81 2424.64 2381.83 2341.72 2316.13 2276.48 2252.64 2231.05
2509.45 2472.12 2451.75 2425.08 2399.8 2350.68 2277.93 2220.35 2218.71 2254.42 2302.67 2362.12 2430.3 2514.55 2608.38 2707.11 2787.34 2839.28 2842.78 2804.68 2841.51 2912.95 2940.73 2980.86 3020.19 3139.71 3084.44 3064.44 3040.89 3032.78 3008.13 2978.85 2965.22 2954.23 2975.13 2963 2948.2 3024.02 3047.18 3002.92 2952.88 2906.29 2854.05 2805.54 2777.57 2731.59 2740.01 2732.96 2728.95 2751.64 2720.28 2669.87 2609.87 2565.48 2535.25 2516.75 2522.36 2490.82 2478.38 2431.79 2426.82 2420.86 2386.66 2358.16 2334.94 2303.53 2265.38 2243.91 2218.85 2195.91
2502.16 2465.29 2443.56 2420.66 2392.76 2353.39 2282.85 2222.6 2218.71 2239.8 2285.37 2349.46 2437.41 2561.47 2620.61 2700.19 2714.34 2749.89 2762.92 2764.49 2805.27 2883.13 2886.17 2937.5 2982.72 3085.4 3056.1 3029.88 3013.86 2988.79 2961.78 2946.54 2944.33 2908.3 2942.14 2950.08 2906.2 2951.9 2988.22 3020.91 2957.75 2910.31 2865.87 2841.74 2816.83 2791.23 2803.82 2798.87 2830.88 2884.35 2799.07 2719.83 2648.09 2592.73 2542.46 2505.07 2487.53 2481.06 2446.53 2400.02 2379.07 2366.39 2350.91 2326.85 2309.49 2269.66 2232.36 2212.29 2190.71 2170.34
2502.17 2468.11 2439.29 2410.22 2384.94 2355.37 2282.98 2227.39 2219.46 2223.01 2267.49 2353.88 2472.51 2577.44 2650.19 2706.46 2669.04 2688.75 2724.65 2729.55 2836.39 2847.68 2870.24 2932.94 2983.98 3082.46 3035.46 3009.37 2987.95 2963.18 2945.64 2924.15 2898.03 2884.05 2895.63 2883.98 2885.57 2900.41 2920.29 2970.02 3006.09 2967.79 2913.14 2920.53 2886.81 2873.88 2903.09 2900.72 2985.85 2951.93 2887.35 2751.77 2692.21 2618.64 2567.73 2528.14 2501.85 2455.21 2444.29 2386.89 2371.84 2353.58 2335.55 2322.65 2287.97 2251.45 2241.69 2203.89 2171.99 2164.59
2488.74 2454.56 2422.68 2396.97 2377.11 2331.76 2281.85 2243.03 2224.27 2226.26 2273.33 2392.27 2471.07 2523.63 2607.03 2630.8 2634.22 2646.87 2696.72 2719.26 2810.59 2812.5 2862.64 2931.62 3014.54 3092.6 3028.9 2993.61 2965.76 2938.04 2943.9 2918.74 2883.2 2865.64 2877.1 2889.48 2872.61 2877.06 2871.89 2899.18 2952.37 2978.92 3001.82 2998.56 3053.46 2995.3 3019.94 3072.03 2975.83 2943.46 2939.26 2869.47 2740.92 2676.18 2607.72 2566.65 2492.61 2453.21 2420.29 2392.85 2381.25 2366.32 2348.12 2319.53 2278.53 2251.6 2226.85 2194.07 2184.15 2194.51
2456.61 2441.14 2412.98 2399.29 2382.21 2352.95 2293.26 2247.72 2230.1 2241.14 2283.19 2348.94 2430.23 2492.4 2550.86 2583.44 2593.83 2606.13 2646.86 2718.97 2786.46 2782.29 2822.49 2957.61 3034.1 3105.1 3022.68 2966.31 2946.46 2915.01 2909.83 2894.64 2853.96 2846.46 2849.86 2862.71 2859.11 2864.8 2823.89 2844.57 2899.48 2966.07 3042.19 3075.27 2988.07 2934.66 2940.83 2988.73 2911.8 2853.24 2839.12 2860.01 2808.83 2730.61 2687.21 2601.81 2550.25 2482.23 2458.31 2432.13 2410.1 2379.82 2350.39 2320.6 2294.14 2282.34 2244.99 2220.19 2207.91 2206.6
2492.46 2478.65 2449.41 2421.56 2393.13 2369.49 2314.38 2267.51 2245.24 2249.2 2282.74 2332.56 2399.89 2460.36 2532.41 2548.64 2588.7 2617.65 2621.54 2689.34 2757.19 2778.71 2819.91 2872.6 2958.84 3054.6 3001.04 2966.07 2928.12 2903.47 2889.61 2877.76 2859.62 2838.9 2837.39 2835.79 2835 2794.42 2792.52 2804.27 2845.49 2910.27 2994.73 3073.12 2987.76 2930.71 2908.6 2879.42 2822.43 2801.65 2793.07 2788.89 2843.92 2819.82 2722.53 2649.72 2556.93 2514.59 2484.73 2460.34 2427.05 2405.68 2378.49 2334.87 2329.05 2311.75 2284.91 2242.47 2253.03 2246.15
2559.25 2544.65 2510.49 2476.74 2418.5 2388.54 2342.61 2310.82 2281.71 2276.11 2291.8 2326.01 2374.73 2482.55 2554.35 2546.86 2588.04 2622.96 2651.33 2686.98 2736.36 2781.94 2832.5 2892.12 2953.76 3048.02 2988.15 2937.2 2921.86 2899.02 2879.75 2868.62 2860.85 2842.7 2834.72 2832.93 2811.99 2784.68 2776.2 2779.26 2804.26 2853.43 2914.48 2957.38 2960.43 3022.72 2949.28 2887.62 2823.27 2776.55 2764.38 2759.06 2759.2 2795.44 2731.78 2677.29 2605.63 2550.26 2502.55 2492.09 2459.98 2424.56 2388.53 2363.53 2351.21 2320.15 2294.65 2242.47 2296.12 2284.78
2614.32 2586.72 2560.63 2527.29 2454.83 2414.18 2362.19 2340.47 2332.93 2314.65 2301.86 2337.18 2391.17 2506.86 2538.63 2578.41 2645.88 2670.69 2683.4 2728.71 2753.03 2799.2 2875.66 2937.06 3021.7 3092.71 3025.51 2936.4 2913.17 2887.76 2874.81 2870.67 2860.16 2853.66 2848.92 2824.36 2805.42 2802.06 2777.78 2751.08 2770.26 2803.22 2840.13 2875.29 2894.05 2923.92 2964.9 2940.27 2827.69 2784.89 2756.19 2769 2742.44 2750.48 2760.11 2688.32 2614.92 2578.58 2514.4 2471.48 2431.95 2396.47 2378.23 2360.28 2347.06 2289.5 2272.87 2273.96 2306.81 2320.67
2646.78 2653.25 2637.86 2553.09 2489.66 2427.12 2394.43 2379.1 2375.43 2372.8 2339.54 2345.26 2403.52 2487.65 2530.34 2587.54 2685.84 2745.42 2781.76 2798.79 2813.65 2860.09 2915.57 2977.15 2996.12 2996.64 3037.15 2947.23 2910.2 2891.71 2879.82 2870.25 2858.07 2856.16 2851.6 2843.02 2825.16 2809.11 2781.46 2739.06 2728.2 2757.21 2773.88 2804.59 2812.78 2845.45 2856.94 2843.4 2824.8 2777.51 2762.12 2751.22 2743.74 2726.41 2713.26 2666.53 2605.09 2541.37 2478.45 2457.16 2411.04 2393.89 2378.56 2352.41 2315.96 2285.11 2310.53 2291.33 2336.25 2352.43
2710.8 2737.94 2683.43 2582.24 2510.96 2480.27 2491.65 2459.17 2421.46 2421.39 2379.15 2348.47 2384.34 2437.97 2483.3 2599.94 2690.95 2704.51 2771.75 2867.25 2914.08 2871.86 2879.06 2899.31 2907.87 2921.43 2974.68 2976.53 2923.59 2897.02 2883.39 2871.7 2858.24 2861.39 2834.36 2828.3 2813.72 2805.14 2804.47 2741.92 2713.25 2716.97 2725.4 2745.02 2752.58 2776.08 2775.66 2770.31 2799.87 2758.87 2729.57 2708.62 2702.45 2705.45 2662.89 2630.42 2578.84 2529.08 2478.82 2440.28 2414.62 2415.37 2380.06 2365.01 2341.53 2315.79 2302.17 2309.27 2355.74 2381.38
2726.12 2676.08 2644.29 2592.94 2544.38 2554.4 2575.41 2526.26 2516.37 2474.21 2404.76 2386.1 2379.1 2410.91 2462.29 2547.58 2622.32 2682.8 2730.76 2801.73 2802.5 2804.45 2839.66 2866.26 2869.42 2883.09 2939.52 3019.21 2950.51 2909.7 2902.76 2883.81 2870.78 2846.19 2821.54 2817.99 2816.34 2818.03 2793.21 2736.62 2706.82 2689.91 2690.1 2701.17 2699.24 2711.96 2703.07 2704.44 2696.68 2731.26 2669.33 2660 2642.6 2638.85 2621.69 2609.56 2569.52 2534.78 2506.08 2465.05 2434.45 2410.94 2381.24 2370.92 2348.57 2327.66 2318.81 2322.18 2368.71 2427.52
2697.11 2654.91 2626.55 2613.02 2590.83 2604.59 2603.89 2564.55 2543.04 2488.36 2429.14 2407.28 2399.75 2432.44 2476.31 2532.67 2608.38 2694.79 2704.16 2739.93 2770.35 2792.94 2845.65 2839.66 2843.81 2860.4 2918.89 2982.32 3001.2 2932.19 2909.46 2894.99 2887.27 2850.78 2828.69 2818.08 2808.42 2807.45 2805.96 2748.24 2698.88 2675.32 2662.76 2649.94 2645.8 2654.81 2654.61 2644.68 2639.64 2645.61 2649.36 2634.94 2623.65 2603.97 2596.86 2587.22 2564.2 2535.5 2515.31 2460.03 2450.54 2401.55 2403.91 2393.59 2354.04 2325.22 2333.24 2351.93 2415.74 2434.73
2713.93 2672.64 2663.56 2637.81 2614.99 2605.6 2611.37 2594.77 2585.11 2508.54 2467.43 2427.9 2426.54 2462.3 2512.3 2564.58 2630.3 2690.62 2711.85 2714.23 2726.67 2763.34 2891.35 2871.65 2872.58 2881.91 2901.65 2937.53 2997.72 2983.71 2941.1 2918.66 2903.32 2865.65 2820.85 2813.91 2819.93 2800.15 2787.15 2787.02 2707.97 2664.07 2656.79 2637.31 2624.1 2610.6 2609.67 2602.22 2616.26 2605.96 2607.38 2592.25 2576.51 2544.03 2533.43 2537.52 2535.43 2517.5 2502.9 2447.76 2413.97 2401.55 2405.67 2391.76 2358.18 2360.36 2369.06 2376.66 2410.83 2459.64
2697.67 2676.74 2663.35 2651.63 2632.73 2627.96 2588.3 2573.85 2563.86 2530.9 2474.16 2449.74 2463.54 2500.73 2554.82 2613.64 2681.58 2719.67 2713.95 2711.85 2743.45 2791.19 2857.76 2869.59 2875.07 2878.99 2897.1 2958.38 3030.12 3064.32 2997.77 2941.08 2891.94 2877.98 2836.04 2797.58 2792.02 2775.85 2777.07 2768.96 2742 2679.37 2653.53 2638.09 2616.96 2604.64 2590.81 2575.49 2554.65 2562.72 2568 2545.42 2521.04 2497.4 2487.29 2486.4 2475.23 2461.25 2440.72 2411.41 2402 2408.75 2434.83 2402.54 2398.02 2398.83 2409.31 2405.49 2452.98 2489.87
2713.34 2694.48 2673.44 2666.58 2647.69 2643.84 2600.64 2578.89 2564.37 2512.42 2483.32 2482.76 2509.19 2560.88 2651.18 2699.46 2756.13 2767.83 2725.13 2732.06 2769.75 2821.95 2829.71 2838.46 2866.41 2902.92 2937.09 3011.67 3091.24 3093.17 3011.1 2947.21 2905.79 2874.2 2828.33 2809.31 2781.81 2748.77 2748.85 2746.67 2742.35 2742.59 2695.74 2660.62 2653.53 2618.48 2570.86 2542.43 2530.02 2523.59 2519.34 2498.77 2489.6 2475.71 2457.21 2449.64 2439.74 2429.4 2410.78 2410.03 2433.16 2435.7 2439.14 2433.65 2415.42 2415.75 2430.69 2454.4 2454.14 2528.91
2727.86 2717.99 2717.3 2686.46 2649.12 2616.07 2600 2580.3 2567.95 2533.29 2506.52 2508.01 2546.49 2616.16 2720.36 2737.56 2794.73 2799.37 2817.96 2820.66 2789.91 2787.03 2824.08 2868.99 2931.08 2969.55 3033.43 3042.56 3068.82 3082.05 2980.96 2929.72 2898.45 2867.07 2834.17 2837.23 2801.71 2756.1 2748.35 2740.19 2743.66 2724.79 2703.25 2694.75 2682.16 2645.06 2591.94 2553.17 2536.85 2537.35 2530.81 2502.15 2490.93 2504.34 2493.46 2493.52 2465.67 2449.41 2448.11 2445.07 2467.12 2467.79 2475.19 2463.8 2437.46 2425.02 2427.07 2475.71 2481.88 2563.02
2755.49 2750.54 2704.71 2686.54 2655.85 2618.68 2595.74 2594.43 2578.2 2533.66 2510.23 2517.54 2576.96 2659.48 2716.19 2725.22 2737.93 2747.62 2762.39 2779.23 2784.25 2787.65 2832.49 2907.49 3015.81 2975.36 2953.31 2971.62 3001.28 3031.57 3000.84 2914.14 2880.84 2860.32 2845.63 2860.46 2828.44 2776.04 2766.75 2736.62 2724.67 2702.93 2692.79 2674.62 2674.62 2654.28 2603.86 2581.09 2553.07 2565.05 2561.14 2549.66 2538.84 2564.52 2563.01 2545.11 2523.8 2521.36 2507.37 2486.46 2493.81 2532.46 2506.25 2457.15 2456.35 2440.46 2430.64 2453.54 2520.68 2570.41
2755.33 2729.62 2696.48 2686.07 2668.12 2621.76 2614.67 2599 2579.48 2536.7 2521.55 2548.43 2613.78 2686.24 2704.91 2719.12 2729.32 2736.38 2764.08 2792.67 2792.49 2821.13 2868.67 2997.81 3017.69 2934.93 2894.03 2900.78 2938.97 2978.15 3021.4 2952.38 2895.39 2875.72 2857.35 2859.64 2864.97 2811.01 2792.79 2775.42 2728.69 2697.55 2697.02 2679.33 2690.15 2662.27 2641.79 2626.85 2660.31 2616.93 2626.28 2604.68 2605.44 2618.47 2615.1 2600.91 2613.59 2603.62 2580.01 2546.49 2570.68 2529.44 2490.34 2466.05 2466.08 2457.62 2448.98 2456.39 2503.1 2580.18
2774.04 2756.79 2710.59 2715.75 2690.51 2658.49 2633.98 2627.58 2604.13 2556.98 2584.85 2600.35 2626.35 2665.16 2692.93 2710.18 2755.91 2771.86 2785.08 2816.37 2840.91 2868.58 2940.7 3111.21 3009.22 2913.4 2886.61 2887.04 2878.61 2931.83 2968.46 3017.88 2952.8 2918.51 2894.31 2886.89 2902.44 2923.07 2866.14 2805.94 2748.37 2721.01 2711.25 2714.49 2733.58 2721.07 2695.14 2710.18 2708.62 2688.89 2726.65 2769.09 2702.16 2655.83 2646.16 2649.51 2640.4 2651.69 2627.01 2584.1 2549.38 2514.01 2473.39 2466.75 2479.57 2472.97 2468.01 2484.42 2534.08 2582.4
2742.86 2732.02 2715.95 2685.87 2673.37 2657.81 2641.62 2624.26 2597.98 2595.15 2614.12 2636.04 2640.4 2641.58 2685.73 2713.6 2759.8 2807.55 2843.01 2885.22 2913.41 2980.19 3025.23 3033.15 3005.45 2928.56 2878.11 2871.05 2837.31 2873.35 2936.98 3049.02 3025.74 2962.66 2950.4 2939.75 2973.82 3009.19 2940.09 2879.88 2781.8 2775.24 2771.12 2779.42 2807.67 2769.24 2754.69 2760.59 2754.7 2772.18 2845.92 2834.94 2756.91 2735.7 2725.97 2694.83 2637.47 2621.77 2588.28 2565.16 2536.62 2493.22 2467.11 2466.75 2471.58 2492.24 2513.03 2551.31 2536.37 2594.71
2738.3 2727.3 2722.17 2716.59 2665.99 2663.18 2660.7 2630.67 2601.76 2595.15 2619.63 2650.19 2673.59 2682.35 2715.34 2743.1 2798.57 2856.47 2906.55 2964.58 2989.6 2992.49 2956.17 2951.42 2957.36 2899.98 2828.8 -9999 -9999 2839.06 2903.35 2988.42 3034.82 3026.03 3032.6 2989.92 3006.35 3025.16 3009.42 2967 2871.54 2837.64 2849.5 2878.39 2843.16 2800.91 2803.99 2834.67 2831.79 2871.84 2901.67 2830.29 2781.37 2759.31 2726.26 2692.84 2647.81 2640.57 2621.38 2572.27 2531.85 2502.24 2489.22 2473.25 2491.99 2554.44 2566.63 2563.57 2544.06 2571.57
2739.23 2732.99 2727.64 2705.67 2683.41 2668.74 2669.99 2638.32 2614.31 2603.29 2602.6 2668.48 2690.76 2717.34 2767.81 2817.74 2869.56 2932.87 2989.75 3008.86 3040.03 2964.05 2907.87 2886.76 2883.91 2852.53 -9999 -9999 -9999 2826.3 2850.14 2917.16 2958.63 2960.87 2985.3 2950.18 2925.23 2923.5 2978.33 2999.39 2964.55 2942.36 2951.41 2962.36 2884.72 2859.58 2896.36 2917.95 2909.28 2894.72 2839.49 2801.16 2772.72 2728.52 2732.92 2715.51 2682.75 2659.64 2633.66 2592.48 2550.14 2557.19 2584.84 2575.96 2568.17 2594.78 2617.67 2582.86 2551.09 2554.37
2774.39 2759.95 2734.36 2705.74 2686.23 2676.71 2675.81 2672.68 2669.38 2663.13 2655.85 2686.38 2713.54 2733.31 2792.72 2841.94 2858.13 2879.79 2959.92 3030.32 3048.51 2964.11 2897.48 2854.24 2827.51 -9999 -9999 -9999 -9999 -9999 2794.14 2814.56 2847.04 2920.86 2926.03 2904.84 2885.84 2875.14 2904.53 3064.29 3074.08 3052.45 3051.46 2991.38 2940.59 2947.68 2970.4 2967.21 2911.16 2879.95 2842.55 2798.79 2764.93 2754.05 2743.74 2744.17 2694.54 2659.06 2626.96 2588.73 2603.25 2611.81 2607.28 2606.27 2610.23 2634.02 2669.93 2603.19 2563.82 2581.03
2794.76 2768.57 2758.85 2726.14 2713.69 2712.45 2714.9 2707.53 2689.45 2687.63 2714.89 2744.65 2781.79 2788.59 2832.81 2904.4 2913.09 2877.78 2918.59 2996.07 2996.91 2955.34 2911.78 2860.34 -9999 -9999 -9999 -9999 -9999 -9999 -9999 -9999 -9999 -9999 2880.15 2869.44 2871.49 2859.8 2865.68 2945.04 3003.66 2976.45 2959.98 2991.32 3034.33 3031.86 3037.95 2957.96 2885.66 2852.18 2829.85 2812.66 2793.12 2761.17 2742.48 2746.34 2702.21 2655.43 2617.76 2616.3 2620.52 2636.51 2664.6 2667.7 2668.95 2689.53 2670.63 2610.81 2601.57 2637.48
2845.18 2791.43 2777.63 2752.55 2760.57 2748.61 2747.64 2757.44 2753.95 2747.63 2775.61 2822.74 2881.16 2871.3 2919.71 2986.11 2971.6 2971.51 2957.81 2916.51 2908.14 2919.99 2954 -9999 -9999 -9999 -9999 -9999 -9999 -9999 -9999 -9999 -9999 -9999 -9999 -9999 -9999 -9999 2829.05 2914.67 2929.2 2922.29 2883.18 2918.76 2990 2979.98 2964.57 2947.49 2895.74 2842.18 2817.29 2796.17 2792.2 2771.95 2757.59 2740.78 2717.15 2672.89 2651.72 2665.74 2657.99 2677.56 2704.89 2704.17 2705.97 2691.37 2652.86 2624.45 2626.36 2640.73
2887.59 2852.27 2805.47 2806.98 2834.7 2842.1 2821.74 2830.56 2852.37 2828.84 2864.37 2907.88 2867.6 2912.24 2939.54 2994.58 2982 2941.78 2896.81 2860.08 2844.42 2842.17 -9999 -9999 -9999 -9999 -9999 -9999 -9999 -9999 -9999 -9999 -9999 -9999 -9999 -9999 -9999 -9999 -9999 -9999 -9999 -9999 2824.17 2862.38 2962.71 2953.89 2920.85 2938.58 2926.05 2860.74 2846.13 2836.61 2826.77 2826.81 2805.19 2810.87 2748.32 2711.68 2711.21 2697.98 2706.32 2719.82 2771.3 2716.83 2710.56 2700.38 2660.43 2646.67 2644.14 2646.33
