input_data/wasim/wasim_run1/input/alm.svfdir_2
ncols	135
nrows	130
xllcorner	22597.5
yllcorner	185062.5
cellsize	100
nodata_value	-9999
[rows 0 to 27 of 130, columns 65 to 129 of 135]
0.255443 -0.297899 -0.29162 -0.051425 -0.0769809 -0.108475 -0.0532064 -0.0810327 0.0146703 0.0109283 0.0350144 0.0330516 0.0468796 0.0755952 0.116734 0.0906661 -0.098273 -0.224643 -0.23145 -0.2319 -0.242503 -0.258588 -0.287632 -0.301698 -0.317519 -0.334912 -0.35297 -0.369649 -0.393653 -0.416011 -0.436616 -0.449388 -0.46601 -0.485291 -0.502336 -0.526308 -0.531315 -0.431132 -0.415298 -0.436234 -0.416763 -0.499804 -0.510321 -0.524532 -0.541397 -0.576576 -0.582072 -0.594137 -0.599332 -0.606691 -0.611849 -0.607925 -0.593145 -0.661671 -0.212197 0.111493 0.0623963 -0.104609 -0.0671564 0.131522 0.248069 0.332064 0.409197 0.322759 0.180272
0.272446 0.117462 0.207813 0.157721 -0.00912051 -0.151331 -0.140651 -0.112777 0.00284079 0.00370053 0.0675042 0.0733259 0.0264948 0.0713176 0.122013 0.0890917 -0.16382 -0.230386 -0.231079 -0.231643 -0.240518 -0.25542 -0.290589 -0.302978 -0.319349 -0.341059 -0.353543 -0.372763 -0.393882 -0.409007 -0.424908 -0.436029 -0.454496 -0.474665 -0.501799 -0.521059 -0.468252 -0.438133 -0.329386 -0.365206 -0.398639 -0.482803 -0.496863 -0.516344 -0.546234 -0.558826 -0.568143 -0.576971 -0.594494 -0.603849 -0.611453 -0.579954 -0.571937 -0.593566 0.35498 0.297416 0.0244099 -0.164797 -0.216236 0.116455 0.330272 0.319461 0.433585 0.357366 0.125769
0.214106 -0.0220768 -0.073373 0.0235117 0.0917369 -0.0125969 -0.0430789 -0.106033 -0.115227 -0.0543466 0.00693405 0.101851 0.106864 0.143609 0.161422 0.114759 -0.154049 -0.231174 -0.231264 -0.231981 -0.240828 -0.266067 -0.281648 -0.30615 -0.316949 -0.337719 -0.355245 -0.36883 -0.382394 -0.39585 -0.409983 -0.42531 -0.441536 -0.462247 -0.47554 -0.501033 -0.419305 -0.453929 -0.349593 -0.342258 -0.447484 -0.479697 -0.491951 -0.506368 -0.534357 -0.54821 -0.559899 -0.573827 -0.584123 -0.597506 -0.610475 -0.592208 -0.63194 -0.653374 0.00025147 -0.0770304 -0.327463 -0.607427 -0.61399 -0.524465 0.424454 0.648943 0.700458 0.579562 0.368552
0.130527 -0.0470598 -0.0412371 -0.0155184 0.0116002 0.0423527 0.06627 0.061775 -0.00272315 -0.106255 -0.0435293 -0.000737817 0.0112273 0.0389465 0.132909 0.161652 -0.0635425 -0.21862 -0.231802 -0.231542 -0.235656 -0.258353 -0.281961 -0.297278 -0.323326 -0.339141 -0.353096 -0.364972 -0.376819 -0.390149 -0.406595 -0.419771 -0.437964 -0.445843 -0.458565 -0.471336 -0.47687 -0.478008 -0.401831 -0.364654 -0.465779 -0.474851 -0.490177 -0.502416 -0.519996 -0.534734 -0.54853 -0.565979 -0.576162 -0.602531 -0.610373 -0.624435 -0.639867 -0.664928 -0.266471 -0.0792132 -0.387866 -0.37426 -0.458576 -0.569961 -0.622156 0.119673 0.670026 0.652177 0.592631
0.188706 0.104326 0.0821654 0.119807 0.15535 0.174109 0.245669 0.213167 0.159035 0.0926205 0.0291904 0.04047 0.0518874 -0.00391611 0.00768272 0.00975215 -0.0598569 -0.201018 -0.230823 -0.232222 -0.229009 -0.229562 -0.282751 -0.299833 -0.318186 -0.333718 -0.345968 -0.360348 -0.348577 -0.376992 -0.407396 -0.418556 -0.433202 -0.448218 -0.459043 -0.463803 -0.467568 -0.419302 -0.422206 -0.461154 -0.46547 -0.457667 -0.451338 -0.431445 -0.508949 -0.529444 -0.540651 -0.552146 -0.57291 -0.596167 -0.610793 -0.622166 -0.632964 -0.654734 -0.486121 0.0427072 -0.194929 -0.249287 -0.423127 -0.488182 -0.559517 -0.604278 -0.363971 0.462555 0.605777
0.365145 0.357387 0.339872 0.30077 0.292051 0.250183 0.302467 0.296094 0.270297 0.222588 0.154868 0.161202 0.157296 0.103115 -0.00691686 -0.0830634 -0.120388 -0.223468 -0.230999 -0.222781 -0.25431 -0.264862 -0.282575 -0.308656 -0.316324 -0.272462 -0.297158 -0.328971 -0.358921 -0.362375 -0.391293 -0.413341 -0.424797 -0.439762 -0.455007 -0.465662 -0.433163 -0.381329 -0.459756 -0.456729 -0.449703 -0.448854 -0.443828 -0.439237 -0.339934 -0.32561 -0.235398 -0.214676 -0.392316 -0.569736 -0.597802 -0.616544 -0.625088 -0.651233 -0.561639 -0.240159 -0.169908 -0.0460839 -0.254105 -0.519848 -0.445679 -0.581955 -0.58388 -0.587127 -0.377805
-0.191096 0.268302 0.304955 0.343025 0.342724 0.240645 0.175014 0.308437 0.340827 0.349882 0.331845 0.293893 0.348838 0.288934 0.13664 -0.0508143 -0.161335 -0.231511 -0.231608 -0.23409 -0.252306 -0.277695 -0.286448 -0.300523 -0.30654 -0.310636 -0.288289 -0.276978 -0.361989 -0.378631 -0.355342 -0.350716 -0.388148 -0.429095 -0.451257 -0.457176 -0.459447 -0.349752 -0.296072 -0.351612 -0.429086 -0.416399 -0.443564 -0.483532 -0.390862 -0.196608 -0.0220844 0.0612152 0.04808 -0.0512807 -0.272237 -0.524463 -0.617454 -0.623934 -0.640713 -0.235049 -0.170491 -0.0494781 -0.0366742 -0.385791 -0.432561 -0.453763 -0.542105 -0.556991 -0.562445
-0.502524 -0.365566 -0.194511 -0.0510437 0.183739 0.22801 0.153745 0.213729 0.295752 0.335655 0.367201 0.316784 0.347827 0.370219 0.277352 0.0481224 -0.158144 -0.23169 -0.2319 -0.233238 -0.247967 -0.277934 -0.290181 -0.295141 -0.303597 -0.343053 -0.309624 -0.262839 -0.251088 -0.298775 -0.317202 -0.194671 -0.27931 -0.384267 -0.448548 -0.453533 -0.430405 -0.305113 -0.181545 -0.159143 -0.278087 -0.251127 -0.215137 -0.300817 -0.392447 -0.43232 -0.33304 -0.230955 -0.19965 -0.41599 -0.280327 -0.319443 -0.599795 -0.611891 -0.62207 -0.628869 -0.0365083 -0.0273358 0.0132241 -0.234203 -0.254141 -0.444646 -0.530891 -0.435015 -0.537872
-0.46692 -0.441992 -0.343511 -0.311636 -0.218346 0.0441733 0.117984 0.0800889 0.204845 0.214435 0.18413 0.178768 0.164575 0.233378 0.238008 0.111719 -0.129587 -0.230862 -0.230647 -0.226117 -0.249621 -0.273745 -0.301255 -0.324538 -0.342205 -0.351565 -0.296285 -0.243112 -0.143068 -0.0931153 -0.122216 0.0205352 0.00833947 -0.15237 -0.312503 -0.404694 -0.402954 -0.336958 -0.223251 -0.12181 -0.250348 -0.289053 -0.201629 -0.283552 -0.309684 -0.246202 -0.123824 -0.0144257 -0.260696 -0.317715 -0.459336 -0.381286 -0.57501 -0.59607 -0.600752 -0.615071 -0.591681 -0.0994763 0.0485594 -0.0630415 -0.0675407 -0.321946 -0.478974 -0.493113 -0.434039
-0.327105 -0.423629 -0.340597 -0.232161 -0.217644 -0.261272 -0.0492167 0.0508296 0.124107 0.175809 0.189042 0.181482 0.177425 0.269795 0.270556 0.106428 -0.0863339 -0.231384 -0.230935 -0.23004 -0.251375 -0.279796 -0.296891 -0.319228 -0.337999 -0.33875 -0.348562 -0.280758 -0.135783 0.0779855 0.0718332 0.103076 0.276961 0.144878 0.0088217 -0.19406 -0.324634 -0.380222 -0.305706 -0.161884 -0.15255 -0.268547 -0.0728742 -0.07227 -0.240646 -0.288186 -0.066926 -0.0409899 -0.0178884 -0.113477 -0.453059 -0.434093 -0.574831 -0.574978 -0.582829 -0.595825 -0.599981 -0.381006 -0.0912211 -0.209617 -0.0566055 -0.185466 -0.363236 -0.433188 -0.477878
-0.345256 -0.41061 -0.344225 -0.165078 -0.0922056 -0.202323 -0.246462 -0.0310442 0.0847841 0.162888 0.251056 0.2255 0.133748 0.272759 0.332408 0.226344 -0.00897387 -0.216004 -0.231096 -0.237208 -0.248966 -0.27326 -0.2952 -0.318781 -0.338832 -0.340753 -0.37789 -0.374311 -0.393551 -0.263224 -0.0960738 0.0957019 0.358202 0.263788 0.210976 0.0452436 -0.137298 -0.246426 -0.249671 -0.157824 -0.223549 -0.351702 -0.23984 -0.109062 -0.08124 -0.286492 -0.435381 -0.131459 -0.199082 -0.152617 -0.418406 -0.462608 -0.531991 -0.5496 -0.564694 -0.57489 -0.583276 -0.563772 0.0151398 -0.0324103 -0.273651 -0.244535 -0.290356 -0.436422 -0.480108
-0.291841 -0.305421 -0.395189 -0.301416 -0.0158139 0.061723 -0.0414349 -0.141379 0.0329206 0.237258 0.289094 0.249212 0.162999 0.0877584 0.19886 0.194202 0.0680266 -0.177954 -0.230763 -0.23203 -0.243834 -0.270384 -0.295309 -0.315994 -0.341572 -0.358094 -0.378007 -0.418939 -0.441318 -0.462332 -0.483642 -0.416741 0.226378 0.317513 0.304933 0.220351 0.0571251 -0.107634 -0.212558 -0.0631037 -0.0155188 -0.263969 -0.414617 -0.419274 -0.287819 -0.497799 -0.427289 -0.161569 -0.129465 -0.209812 -0.467804 -0.463934 -0.486204 -0.534882 -0.515952 -0.551998 -0.563811 -0.574645 -0.238734 0.0283691 -0.141504 -0.326607 -0.306445 -0.469851 -0.503254
-0.186018 -0.0783145 -0.180989 -0.257333 -0.210873 -0.0123664 0.00839985 -0.0418624 -0.0729871 0.128905 0.255614 0.264123 0.232696 0.232553 0.151506 0.101306 0.0280029 -0.159814 -0.214366 -0.2191 -0.244232 -0.273014 -0.29181 -0.311974 -0.339615 -0.371515 -0.386687 -0.41445 -0.440573 -0.454855 -0.470789 -0.495997 -0.505572 -0.0260939 0.146435 0.100847 -0.0877623 -0.286077 -0.405505 -0.412901 -0.306951 -0.277697 -0.376301 -0.446457 -0.29458 -0.0557293 -0.118061 -0.424093 -0.0759678 -0.329728 -0.375857 -0.356888 -0.382104 -0.541845 -0.48702 -0.516222 -0.546812 -0.562677 -0.492512 -0.0909588 -0.115168 -0.237127 -0.318017 -0.472689 -0.495805
0.037938 0.141142 0.280458 0.284054 0.249217 0.190446 0.131131 -0.00666294 0.0184491 0.114482 0.22609 0.318863 0.307035 0.29713 0.230136 0.155572 0.0372181 -0.164542 -0.194053 -0.219773 -0.253936 -0.274473 -0.282934 -0.309404 -0.33761 -0.368032 -0.391707 -0.409366 -0.423892 -0.446529 -0.46513 -0.484719 -0.501195 -0.521654 -0.524497 -0.526305 -0.528036 -0.532089 -0.550006 -0.561538 -0.577946 -0.575291 -0.51113 -0.484106 -0.332956 0.263134 0.312367 -0.150252 -0.162333 -0.3705 -0.315799 -0.242134 -0.276099 -0.49681 -0.486624 -0.500655 -0.520879 -0.550859 -0.501816 -0.0886811 -0.108208 -0.176572 -0.270971 -0.433025 -0.484624
0.24915 0.155039 0.168924 0.201119 0.167998 0.177276 0.150577 0.0114452 -0.0708387 0.0409471 0.169898 0.238335 0.283403 0.234221 0.226385 0.181824 0.0385995 -0.127169 -0.191651 -0.213569 -0.256562 -0.271401 -0.290692 -0.292392 -0.323745 -0.344837 -0.374244 -0.395432 -0.408775 -0.434496 -0.457496 -0.475437 -0.503282 -0.514448 -0.479821 -0.505912 -0.503373 -0.52346 -0.538734 -0.555287 -0.57719 -0.598774 -0.632557 -0.658524 -0.607556 0.243761 0.590743 0.457861 0.178004 -0.259714 -0.421362 -0.282946 -0.272376 -0.428646 -0.4595 -0.445304 -0.527776 -0.536614 -0.546756 0.144893 0.142202 -0.11424 -0.247989 -0.320495 -0.478375
-0.261846 -0.266864 -0.255895 -0.144443 -0.156307 -0.149849 -0.0992036 -0.163402 -0.0928727 0.00806294 0.0224825 0.0610461 0.128212 0.214013 0.288799 0.216365 0.181233 -0.213998 -0.222696 -0.227071 -0.240439 -0.248733 -0.292127 -0.296194 -0.3411 -0.369146 -0.382282 -0.37292 -0.388994 -0.380257 -0.393377 -0.475208 -0.493531 -0.444718 -0.489787 -0.493133 -0.504809 -0.516778 -0.529198 -0.550498 -0.577716 -0.604246 -0.622836 -0.634884 -0.645193 -0.341878 0.520401 0.684591 0.565068 0.181411 -0.301182 -0.365468 -0.261843 -0.369266 -0.353899 -0.391889 -0.521995 -0.522713 -0.53006 -0.415275 0.150673 -0.0526805 -0.304587 -0.306593 -0.46039
-0.454026 -0.403125 -0.40377 -0.35236 -0.24105 -0.256955 -0.212447 -0.135002 -0.214052 0.0310041 0.0668843 0.0248653 0.0498274 0.190162 0.252485 0.189368 0.226662 0.0455819 -0.217746 -0.23969 -0.250992 -0.250519 -0.287384 -0.283055 -0.262767 -0.312651 -0.368809 -0.378734 -0.417032 -0.446954 -0.474381 -0.483273 -0.378957 -0.44284 -0.476141 -0.485857 -0.496885 -0.508149 -0.524247 -0.535728 -0.56968 -0.595413 -0.603215 -0.612957 -0.62796 -0.654897 -0.291044 0.334061 0.541036 0.479579 0.00642877 -0.365689 -0.295669 -0.265151 -0.289735 -0.355135 -0.516716 -0.498506 -0.521048 -0.496905 -0.29355 -0.156 -0.257306 -0.329376 -0.424312
-0.455037 -0.368989 -0.346871 -0.36113 -0.259018 -0.266957 -0.328552 -0.314726 -0.267421 -0.128528 0.0439139 0.0109682 -0.0627537 -0.0171047 0.0392357 0.13572 0.0414982 0.267707 0.00974632 -0.246236 -0.259409 -0.259906 -0.27108 -0.290649 -0.215633 -0.186514 -0.248468 -0.362681 -0.428094 -0.448234 -0.456185 -0.461098 -0.463976 -0.461358 -0.470208 -0.47984 -0.479812 -0.487957 -0.521488 -0.553946 -0.558084 -0.567521 -0.58292 -0.601422 -0.62679 -0.649682 -0.447379 -0.276055 0.0607436 0.492439 0.265434 -0.276677 -0.383712 -0.165409 -0.165185 -0.350713 -0.415814 -0.512446 -0.423419 -0.291048 -0.377355 -0.335071 -0.258895 -0.342636 -0.385325
-0.380248 -0.370705 -0.38878 -0.361593 -0.280334 -0.212089 -0.211883 -0.332848 -0.280516 -0.271169 -0.0870307 -0.0157612 -0.0624908 -0.0697281 -0.0274463 0.00577263 -0.159879 -0.123069 0.0691895 -0.24868 -0.221656 -0.196023 -0.25543 -0.304755 -0.345423 -0.331274 -0.380249 -0.418593 -0.432667 -0.443142 -0.44838 -0.454716 -0.455411 -0.459017 -0.425506 -0.415892 -0.444177 -0.463643 -0.524207 -0.533391 -0.544373 -0.555611 -0.565125 -0.586643 -0.607924 -0.639508 -0.560464 -0.360415 -0.344705 0.117509 0.49536 0.182847 -0.300981 -0.253225 -0.174791 -0.30451 -0.349787 -0.500033 -0.446222 -0.104347 -0.205335 -0.323664 -0.344519 -0.336441 -0.344822
-0.330349 -0.350743 -0.362729 -0.2903 -0.288846 -0.243135 -0.195805 -0.221662 -0.250901 -0.242312 -0.21036 -0.0774485 -0.0033976 -0.0146937 -0.0201113 0.0603845 -0.0386046 0.054749 -0.0285987 -0.222123 -0.23164 -0.250092 -0.287518 -0.326962 -0.366638 -0.397118 -0.408523 -0.42092 -0.425684 -0.435109 -0.440127 -0.443328 -0.447761 -0.453581 -0.428308 -0.37549 -0.497604 -0.51301 -0.520813 -0.528032 -0.518566 -0.514331 -0.518228 -0.561529 -0.601191 -0.631999 -0.534024 -0.394424 -0.361621 -0.434484 0.0439849 0.292998 0.307311 -0.135692 -0.151155 -0.232198 -0.387228 -0.447607 -0.493954 -0.213376 -0.0378365 -0.138115 -0.290037 -0.249409 -0.284408
-0.316172 -0.297459 -0.283912 -0.242157 -0.217651 -0.186319 -0.151669 -0.163455 -0.208784 -0.182528 -0.101421 -0.107306 -0.0643244 -0.0162928 -0.0388252 -0.0750338 0.0675014 0.121832 0.0499554 -0.209123 -0.263765 -0.295875 -0.294177 -0.34801 -0.377712 -0.392869 -0.403534 -0.414426 -0.420728 -0.427825 -0.431607 -0.436539 -0.448298 -0.461723 -0.47938 -0.489386 -0.471609 -0.495216 -0.49967 -0.449658 -0.40834 -0.275342 -0.239769 -0.337779 -0.437597 -0.624458 -0.249327 -0.465534 -0.50845 -0.416727 -0.419911 -0.456485 0.232694 0.242263 0.0314408 -0.113787 -0.258001 -0.42083 -0.472816 -0.42696 -0.179636 -0.172556 -0.179806 -0.139054 -0.178633
-0.311675 -0.271186 -0.172552 -0.217452 -0.296218 -0.135899 0.0557639 0.0458982 0.00161225 -0.0705116 -0.0591847 -0.0316598 -0.0574807 -0.10248 -0.0567211 -0.145666 -0.247399 -0.143923 -0.152117 -0.27584 -0.288495 -0.306755 -0.302728 -0.358526 -0.378121 -0.390867 -0.399559 -0.406606 -0.415567 -0.424961 -0.428338 -0.434063 -0.442152 -0.458774 -0.475077 -0.495111 -0.471159 -0.467119 -0.524449 -0.519084 -0.502341 -0.397859 -0.330321 -0.548682 -0.617637 -0.292267 -0.116028 -0.361908 -0.544231 -0.382722 -0.38588 -0.452224 -0.545671 0.219141 0.262955 0.0278754 -0.183395 -0.382964 -0.456951 -0.365062 -0.238953 -0.260611 -0.237604 -0.151043 -0.0385641
-0.295405 -0.262812 -0.180597 -0.125889 -0.19457 -0.31776 -0.101277 0.080505 0.148489 0.195721 0.140349 0.0334965 -0.0678555 -0.150669 -0.0800777 -0.0313645 -0.236837 -0.272079 -0.256531 -0.27544 -0.288283 -0.313008 -0.340881 -0.356327 -0.370434 -0.386713 -0.395578 -0.407259 -0.413364 -0.421419 -0.425454 -0.428219 -0.406123 -0.426624 -0.458901 -0.487463 -0.485854 -0.428913 -0.365398 -0.434871 -0.561886 -0.587983 -0.602526 -0.603408 -0.603621 -0.356089 0.129197 -0.174668 -0.526539 -0.3466 -0.404339 -0.447756 -0.535617 -0.460504 0.0969732 0.156718 -0.0842327 -0.357242 -0.408431 -0.408767 -0.276162 -0.242111 -0.268388 -0.320716 -0.107486
-0.190358 -0.113854 -0.0698802 -0.0498111 -0.0366293 -0.170188 -0.187482 -0.103202 -0.0731186 0.0142719 0.0989182 0.0611424 -0.021833 -0.194562 -0.208459 -0.0813813 -0.164542 -0.267328 -0.268756 -0.265919 -0.288375 -0.306568 -0.331587 -0.349943 -0.369328 -0.382897 -0.393369 -0.404108 -0.397661 -0.391208 -0.359944 -0.363231 -0.388655 -0.413547 -0.410218 -0.431353 -0.491561 -0.450883 -0.542717 -0.554867 -0.560238 -0.572233 -0.58258 -0.58271 -0.583944 -0.602441 0.24581 0.104187 -0.371672 -0.379412 -0.303728 -0.456997 -0.498364 -0.472056 -0.135078 0.155342 0.0542835 -0.268031 -0.214006 -0.380424 -0.302367 -0.250342 -0.32144 -0.309246 -0.249318
-0.193599 -0.0760948 0.0476366 0.0180072 0.010167 0.0301882 -0.00708461 -0.0713173 -0.0234618 -0.0102981 -0.0418041 0.0178412 -0.00218514 -0.131172 -0.195342 -0.185441 -0.171942 -0.266548 -0.271826 -0.240768 -0.287246 -0.304549 -0.321054 -0.336351 -0.353263 -0.378116 -0.387677 -0.396895 -0.386303 -0.316878 -0.288293 -0.259787 -0.342454 -0.437045 -0.469045 -0.46521 -0.511725 -0.537811 -0.477257 -0.525386 -0.540624 -0.553314 -0.56783 -0.526161 -0.565487 -0.583393 -0.157863 0.352884 -0.000723659 -0.354156 -0.31299 -0.387835 -0.506722 -0.461776 -0.260504 0.128286 0.218717 -0.187908 -0.178466 -0.208347 -0.331872 -0.21912 -0.233129 -0.239744 -0.301984
-0.150582 -0.152658 -0.0507128 -0.0308311 -0.119975 -0.0330899 -0.00573183 -0.000766813 -0.0326677 0.0474811 0.033763 0.020266 0.0246985 -0.0821911 -0.158188 -0.178492 -0.171101 -0.255541 -0.270829 -0.228128 -0.217367 -0.286076 -0.314123 -0.295877 -0.317005 -0.362531 -0.370729 -0.380455 -0.370629 -0.321565 -0.277452 -0.289691 -0.333462 -0.366666 -0.419536 -0.497252 -0.519408 -0.519989 -0.516484 -0.522938 -0.52546 -0.539845 -0.55342 -0.533462 -0.556028 -0.571348 -0.589113 0.168564 0.281815 0.00624867 -0.327889 -0.37022 -0.427183 -0.497732 -0.422427 -0.387895 -0.0928636 -0.153065 -0.254216 -0.152679 -0.207007 -0.282846 -0.186792 -0.167685 -0.331989
0.103801 -0.0311186 -0.0424382 -0.00089414 -0.131487 -0.187974 -0.114616 0.0375347 0.0406619 0.0513703 0.107535 0.0335502 0.0209868 -0.0411943 -0.132246 -0.142905 -0.173866 -0.214672 -0.263556 -0.266975 -0.236574 -0.285487 -0.319091 -0.350789 -0.367636 -0.359534 -0.373729 -0.395847 -0.421158 -0.440022 -0.453562 -0.467302 -0.470456 -0.483882 -0.495749 -0.505279 -0.494796 -0.49262 -0.509691 -0.493822 -0.514278 -0.526654 -0.536893 -0.545357 -0.553553 -0.569683 -0.580178 -0.278978 0.194039 0.309484 0.134136 -0.120115 -0.333527 -0.408434 -0.402315 -0.417216 -0.382479 -0.298594 -0.303079 -0.12813 -0.104177 -0.285038 -0.209255 -0.17814 -0.297401
0.178489 0.113396 0.0571139 0.0594093 -0.0136543 -0.158043 -0.1192 0.0406245 0.127661 0.134151 0.158046 0.121163 0.0960244 0.102525 0.0331424 0.036462 -0.0314511 -0.217464 -0.215089 -0.290024 -0.304311 -0.303868 -0.322597 -0.350308 -0.371352 -0.383547 -0.392132 -0.417394 -0.427655 -0.435542 -0.446171 -0.451643 -0.4595 -0.473495 -0.486942 -0.492529 -0.500551 -0.494894 -0.500227 -0.497307 -0.506258 -0.517828 -0.525523 -0.532347 -0.545076 -0.55877 -0.540196 -0.572624 0.0758206 0.34392 0.209044 -0.0233509 -0.0820856 -0.226094 -0.325972 -0.337186 -0.257625 -0.242148 -0.164678 -0.101297 -0.0492562 -0.21442 -0.162149 -0.145171 -0.245864
