input_data/wasim/wasim_run1/input/alm.eor
ncols	135
nrows	130
xllcorner	22597.5
yllcorner	185062.5
cellsize	100
nodata_value	-9999
[rows 0 to 41 of 130, columns 0 to 93 of 135]
44 44 130 83 84 84 44 45 83 48 50 85 130 129 47 46 110 84 82 47 44 86 45 46 85 130 48 47 83 71 48 45 70 87 46 82 71 86 109 72 48 109 82 83 45 129 48 43 129 69 49 87 105 87 47 70 128 48 87 84 85 72 49 86 88 46 88 51 87 86 88 88 86 85 49 45 84 47 115 45 109 85 82 88 52 68 89 89 116 87 103 89 14 115
49 114 46 81 91 84 73 92 71 89 49 41 48 99 44 81 51 50 82 49 46 106 43 43 50 90 69 115 87 108 81 43 49 42 44 15 113 4 93 83 41 72 81 102 98 114 81 47 113 109 89 115 43 92 66 49 108 91 69 94 83 83 90 108 112 81 45 82 113 90 68 111 86 80 90 42 93 112 88 39 11 127 103 1 93 85 50 88 107 53 67 109 81 112
113 69 87 111 81 107 93 107 106 106 81 52 81 50 50 47 75 94 94 68 73 82 80 50 101 13 106 102 74 107 42 81 106 108 107 116 106 106 88 110 106 106 105 88 86 105 111 42 78 105 109 108 108 99 46 91 39 97 95 83 40 110 17 16 72 104 80 5 50 105 89 80 52 129 81 84 114 126 112 51 107 55 105 92 51 104 71 105 90 99 104 48 105 78
38 106 108 104 70 125 106 74 68 14 73 103 3 96 99 77 109 100 118 110 105 102 95 128 91 103 105 18 40 82 114 10 102 87 102 102 104 107 103 79 80 74 50 49 103 84 113 76 82 85 105 94 86 80 125 76 102 3 56 90 2 47 89 92 40 103 101 88 41 102 96 82 38 111 104 107 78 84 105 32 105 95 51 70 102 116 129 93 118 100 112 88 101 71
84 79 54 73 83 100 102 101 124 71 50 41 80 109 92 117 100 14 75 77 95 80 90 100 18 49 101 48 82 69 108 73 99 75 75 100 15 76 89 41 16 67 100 93 103 94 98 83 77 74 81 96 80 85 45 98 56 102 51 103 117 100 78 124 99 76 116 103 83 107 94 106 57 79 75 50 117 74 53 79 116 12 51 77 80 75 95 47 81 96 99 117 76 99
4 130 83 46 72 82 82 89 130 76 85 90 101 44 74 77 19 52 88 101 89 87 98 51 55 69 102 74 115 77 128 58 50 54 102 97 100 91 118 102 80 66 94 11 19 105 77 79 112 95 104 96 80 99 96 103 78 79 77 126 17 3 107 80 10 102 77 129 116 98 106 81 93 41 6 82 78 40 99 116 78 40 38 39 95 32 92 88 95 44 79 78 93 78
52 83 2 96 96 83 31 84 116 68 95 90 7 68 78 16 79 53 85 73 101 54 4 79 80 72 125 85 95 129 116 125 107 93 124 73 97 84 126 3 81 34 56 42 129 113 79 129 41 94 43 2 37 53 75 104 81 15 97 79 1 115 96 73 128 97 127 129 79 100 33 117 5 95 112 59 87 96 80 79 52 53 33 52 93 79 101 101 11 92 51 67 113 97
98 81 119 80 79 97 84 97 96 115 67 80 78 94 79 77 92 83 80 76 38 92 39 79 98 102 67 40 80 82 82 94 55 53 93 74 73 92 104 44 79 86 79 92 84 95 99 104 39 115 99 84 115 85 82 96 100 64 39 85 81 119 18 90 127 123 80 80 85 81 75 90 82 13 123 2 56 91 91 65 92 97 123 92 79 100 78 94 97 67 93 41 71 42
40 94 66 84 99 65 76 94 41 99 50 81 37 91 77 92 72 64 75 108 70 47 18 98 82 93 95 93 28 100 83 88 2 94 81 80 91 5 80 100 4 49 66 20 128 112 49 100 92 37 67 91 96 82 80 81 114 83 77 86 103 108 98 19 126 89 81 98 97 80 80 48 90 52 113 6 105 91 123 103 43 2 101 83 78 10 81 6 67 87 12 97 61 95
47 29 81 128 86 91 53 82 85 100 95 31 77 96 55 54 98 39 92 98 68 74 93 85 54 130 55 97 16 71 77 8 95 42 14 84 96 97 84 73 32 44 81 90 90 103 55 5 4 3 8 96 83 82 66 81 84 93 69 97 92 78 94 84 15 84 91 57 122 94 97 81 82 87 89 103 81 99 90 81 98 76 109 125 76 83 104 94 95 53 54 30 88 95
100 85 117 96 53 80 60 45 91 68 85 97 83 97 77 82 1 84 85 80 1 53 99 102 86 7 94 93 82 88 117 95 86 83 93 83 81 94 101 82 86 97 86 112 110 96 65 53 97 82 101 75 83 102 10 97 92 96 39 82 85 78 96 96 88 95 89 89 89 95 59 86 84 86 88 35 92 95 96 90 62 113 87 7 86 98 75 81 38 55 106 103 98 90
13 126 95 91 84 37 2 54 18 78 128 105 56 36 88 87 101 4 33 69 101 23 82 91 114 91 98 32 88 84 31 55 94 80 34 80 86 84 102 57 87 33 74 93 100 65 88 13 72 89 38 99 9 57 63 96 83 86 82 87 89 87 108 107 1 94 51 95 94 7 82 96 87 97 85 57 35 82 101 51 95 77 56 86 78 79 91 88 93 108 127 92 88 85
82 117 112 35 101 84 89 83 11 94 83 90 100 36 128 34 87 130 30 96 110 97 81 44 123 86 92 75 129 88 16 44 43 90 33 56 103 36 73 88 98 76 58 8 79 1 87 79 88 5 95 101 99 101 127 85 98 89 100 119 90 92 54 2 54 111 85 93 86 4 76 56 97 29 97 46 84 83 27 94 13 55 20 99 87 50 98 94 52 82 49 77 93 90
54 83 86 93 85 91 115 86 87 88 82 39 118 98 74 79 102 118 34 55 95 86 85 68 99 36 91 57 88 79 98 100 97 63 74 89 50 101 90 78 94 84 91 79 97 106 38 59 98 96 62 77 14 92 84 102 99 89 75 119 44 89 104 95 84 97 63 85 92 93 34 83 129 95 84 37 87 68 90 41 96 85 103 117 96 120 113 85 55 84 79 96 72 84
109 91 88 91 78 54 77 121 9 127 77 84 95 95 95 101 89 99 96 36 120 105 26 56 34 91 34 96 1 64 84 99 96 83 94 94 99 97 95 81 126 93 94 58 99 97 87 89 6 98 75 99 88 91 91 45 68 120 85 92 99 97 108 61 90 65 98 94 86 60 94 34 96 93 46 66 87 5 93 95 35 55 82 98 89 83 97 95 95 76 88 98 93 96
1 94 85 92 91 37 92 96 100 93 57 86 82 87 95 95 53 93 5 6 57 16 36 110 94 57 88 126 99 105 38 91 89 23 96 77 88 116 46 77 92 96 92 88 2 96 33 91 90 69 90 32 104 127 127 33 23 72 9 85 114 94 120 105 94 23 38 23 95 93 47 99 93 84 85 93 90 91 82 17 92 113 38 90 75 77 86 95 55 103 57 21 66 29
92 124 91 82 60 48 97 72 100 94 86 81 75 92 30 90 88 63 18 117 34 125 86 20 5 111 52 49 59 106 89 82 40 90 89 89 121 93 94 74 22 76 8 76 107 128 92 9 123 58 96 75 91 95 58 69 91 94 81 94 22 37 81 100 128 118 88 72 87 52 92 101 98 55 91 87 10 93 8 74 105 82 8 126 89 81 78 83 91 88 90 92 76 74
35 69 93 24 57 97 76 125 113 101 12 75 36 25 92 126 88 89 36 109 90 91 80 56 79 25 103 92 90 88 91 3 78 89 81 35 109 74 94 19 122 84 114 87 58 87 60 92 93 37 90 90 92 77 37 34 37 77 85 34 118 87 112 85 129 80 90 88 77 96 54 130 87 92 5 102 95 47 87 9 28 98 89 106 118 89 58 76 23 36 35 79 78 59
2 45 72 57 121 24 36 83 78 58 37 70 30 89 82 1 115 89 64 33 90 116 36 105 26 79 89 85 102 27 59 99 89 90 56 10 89 88 69 66 91 88 83 23 97 84 81 61 7 93 94 6 76 89 86 111 80 85 88 29 62 35 89 89 24 125 105 36 5 81 71 91 26 87 114 54 81 88 113 22 32 79 91 49 117 88 124 24 120 76 90 130 108 71
55 90 31 90 25 104 36 36 35 72 103 69 34 80 102 31 88 24 121 88 98 21 5 75 94 89 35 88 78 74 84 90 82 11 113 88 81 82 59 53 16 60 6 119 91 33 77 31 123 87 70 35 89 88 11 106 122 70 92 83 86 128 56 22 126 86 62 110 82 73 41 13 76 88 65 128 58 85 55 78 109 90 116 67 77 6 87 12 90 118 84 26 93 114
91 89 111 72 125 22 23 24 60 24 36 24 89 20 87 18 83 121 6 34 88 92 121 78 57 21 58 90 87 31 73 85 101 35 6 90 34 70 39 87 28 88 75 40 55 89 36 88 74 32 117 36 19 80 84 129 80 87 93 38 77 73 95 89 51 123 44 40 86 27 9 44 122 11 33 73 91 75 51 87 105 20 96 71 94 38 97 28 84 72 71 73 106 86
130 23 62 11 72 59 38 79 61 87 107 87 77 100 87 38 84 34 49 98 65 70 77 129 20 88 37 81 56 3 89 60 39 76 24 86 84 86 36 6 79 90 93 126 70 9 88 86 39 33 74 42 91 95 24 77 39 7 52 78 57 85 25 80 22 11 55 120 89 82 22 28 94 37 89 23 71 129 35 18 35 123 66 24 10 83 87 24 38 31 30 127 43 24
120 73 13 7 121 77 129 71 60 73 31 59 91 12 78 93 88 124 119 66 37 81 75 54 97 42 85 85 65 111 35 58 85 119 114 40 25 40 63 33 36 29 36 21 79 77 33 103 71 119 85 99 71 65 36 120 80 94 85 20 125 62 119 85 129 71 22 23 72 29 27 72 95 79 77 34 30 74 87 74 52 39 92 57 84 109 87 90 60 60 78 76 9 36
121 80 88 72 73 74 79 80 76 72 84 49 37 32 81 36 30 87 5 83 127 87 33 1 25 122 73 68 11 92 91 72 16 73 72 70 59 117 94 87 96 86 75 34 38 38 85 71 82 33 84 15 36 80 64 21 34 74 120 73 56 98 73 21 2 73 20 86 50 6 20 61 86 26 84 95 46 66 8 13 11 63 22 38 86 74 35 77 1 22 86 2 6 35
79 76 128 87 74 24 61 83 88 77 63 123 102 23 91 97 75 77 75 10 86 22 34 11 121 10 60 5 10 103 62 61 56 85 72 100 119 94 12 1 118 59 125 52 86 75 83 85 24 43 65 35 84 124 122 74 77 26 127 37 112 40 85 86 24 130 78 69 12 36 85 85 11 102 36 86 74 75 111 34 71 130 32 114 3 58 113 96 83 31 68 24 128 126
35 33 39 78 70 99 35 35 75 21 27 58 76 30 63 127 65 24 92 35 29 115 53 13 107 39 34 84 62 109 70 73 81 29 60 25 35 119 106 82 59 72 84 81 74 77 35 74 80 85 121 45 84 70 42 123 29 64 91 66 110 15 94 26 28 72 82 31 27 58 82 120 119 39 21 37 79 79 48 122 78 57 85 77 71 83 41 28 103 39 91 60 41 9
95 72 59 77 101 8 50 84 82 27 17 38 78 11 61 69 71 73 130 29 28 96 29 79 103 97 85 40 102 79 62 73 75 83 27 129 80 83 33 18 36 75 93 41 116 81 7 64 79 82 74 62 64 126 57 77 76 81 39 56 44 76 44 82 56 74 57 32 126 25 80 65 98 112 36 118 2 35 35 37 74 35 37 16 14 80 36 124 25 70 25 32 81 75
20 40 25 94 34 92 68 46 83 37 62 32 69 11 81 47 83 122 71 77 22 80 118 12 78 15 82 82 110 67 76 40 38 72 55 54 79 64 123 22 35 79 84 21 82 72 28 120 63 64 127 28 121 32 104 81 126 79 130 7 4 65 53 86 30 95 36 71 72 79 83 83 21 76 69 11 40 76 82 71 11 75 83 25 76 77 38 82 80 39 34 62 26 64
70 82 22 82 17 57 39 23 55 56 23 130 18 96 58 71 25 78 74 6 63 32 40 109 38 77 38 37 80 1 93 23 82 12 73 125 106 107 22 125 14 81 33 127 2 75 37 77 63 15 103 126 72 57 19 81 68 31 18 41 76 39 79 76 10 14 81 40 45 76 56 76 21 119 70 13 80 3 29 33 81 80 81 21 10 78 74 36 100 27 4 78 130 72
77 53 94 23 75 73 81 81 42 64 44 122 80 22 22 58 69 14 120 2 104 25 110 128 120 74 78 25 77 40 115 38 80 79 19 81 33 76 41 54 50 97 124 49 129 21 33 34 95 22 111 123 60 80 26 20 40 45 25 22 68 6 43 80 25 42 45 79 60 71 80 6 35 58 36 64 48 24 9 78 76 40 13 121 78 77 64 35 128 104 80 42 17 80
59 60 65 7 34 80 80 13 72 7 73 66 61 23 57 35 58 14 108 57 127 41 75 107 116 2 70 42 80 78 38 41 64 120 57 20 38 74 34 43 74 67 41 129 77 39 47 80 111 75 42 32 19 71 77 39 11 103 72 130 21 76 35 65 18 34 21 61 21 74 3 61 79 32 79 79 73 39 67 109 80 16 79 73 96 9 12 79 23 22 14 58 34 76
80 48 21 37 35 7 12 62 101 98 3 112 32 37 69 52 37 77 122 79 74 73 72 23 56 27 94 61 130 119 78 52 84 67 66 40 7 107 17 40 121 44 37 67 34 74 26 12 130 110 28 78 58 12 54 59 76 73 7 20 93 15 75 41 9 67 45 78 38 19 49 74 37 71 41 123 42 46 60 36 77 22 78 78 111 14 15 40 16 21 42 53 19 112
78 75 53 61 61 65 12 15 18 7 34 31 59 43 73 77 39 75 2 76 105 8 52 27 26 76 27 78 79 22 26 75 70 18 55 28 25 115 103 32 46 106 22 33 34 69 34 72 39 33 74 79 68 59 79 42 57 72 78 68 51 124 79 41 92 75 77 42 41 20 78 40 74 72 47 22 66 110 78 21 78 69 37 37 16 44 78 72 57 61 58 24 76 72
38 30 34 28 41 78 80 75 94 11 23 75 19 24 58 112 129 77 20 5 35 43 35 77 77 34 72 60 59 8 75 69 105 109 72 27 45 31 37 14 8 38 32 42 65 33 17 32 58 42 27 26 76 50 36 16 63 72 127 60 16 124 61 7 15 38 41 125 74 43 57 78 73 64 78 117 96 33 34 77 57 22 71 70 20 14 73 67 78 31 26 60 34 75
48 39 38 18 123 76 71 57 58 41 13 112 74 24 29 10 77 63 97 70 72 47 4 56 9 58 12 76 11 38 125 68 77 71 43 3 71 115 62 32 118 112 26 116 124 72 16 15 73 26 101 77 13 22 24 111 129 37 17 15 16 24 110 59 77 112 61 6 32 45 51 75 71 46 72 33 77 23 5 26 109 38 41 114 71 107 124 71 77 8 77 17 39 77
73 25 76 32 36 58 127 69 117 66 38 70 33 10 72 12 73 2 62 77 20 16 70 70 20 49 50 27 71 70 22 44 41 70 37 55 59 75 68 71 38 61 44 29 18 56 75 56 62 70 47 20 119 28 40 70 75 39 45 22 72 54 33 19 62 121 71 27 75 26 76 74 40 32 103 49 128 76 38 28 20 15 13 27 15 43 51 44 73 56 31 70 108 13
14 31 75 39 58 35 75 19 20 34 76 98 69 74 44 48 106 21 74 24 55 23 40 4 73 71 27 70 27 31 104 118 52 75 17 7 33 75 30 34 27 42 76 76 49 23 33 33 105 81 82 8 52 18 69 67 72 74 69 61 51 19 57 33 3 56 8 42 6 31 38 69 32 122 42 17 71 9 66 121 69 19 75 123 7 25 75 18 70 74 16 6 47 13
68 76 43 76 1 20 28 46 113 69 75 58 100 106 55 6 107 108 75 11 96 76 61 2 75 76 43 70 71 121 69 71 46 70 14 45 69 68 59 62 27 31 5 25 29 15 39 83 75 73 39 42 30 74 61 27 76 70 44 61 28 68 52 74 68 22 126 27 22 48 68 68 61 40 49 11 60 55 72 16 97 82 43 23 2 43 58 63 68 74 26 129 27 71
81 75 29 43 66 29 116 68 32 32 68 53 17 46 36 68 70 12 38 21 15 44 74 23 56 55 74 5 44 39 60 24 37 74 72 22 74 121 63 74 67 62 114 110 69 5 33 41 22 60 4 61 71 73 68 69 59 68 3 26 24 63 30 68 128 16 68 74 66 8 69 38 28 42 70 45 33 25 27 41 47 31 48 23 68 58 43 63 69 5 15 19 73 74
29 19 67 15 28 51 124 23 72 16 15 73 31 11 71 33 73 32 68 67 50 59 9 39 66 69 69 59 113 60 16 129 23 17 23 127 70 28 72 123 105 69 73 42 57 49 100 122 39 51 13 65 47 107 32 55 115 6 21 14 73 14 57 49 32 17 8 24 37 67 32 8 54 74 39 39 36 20 57 32 15 75 52 67 41 19 64 46 66 56 16 40 71 44
35 28 41 17 66 66 61 59 28 73 39 39 30 110 69 64 54 125 28 44 45 30 48 68 58 41 75 31 51 28 19 55 74 64 70 44 54 12 65 130 42 14 31 18 25 36 63 19 3 67 70 63 13 12 29 25 15 13 8 64 68 9 28 13 43 6 19 71 30 11 50 29 26 73 34 66 67 63 45 63 49 63 32 74 67 20 11 128 99 70 70 25 26 118
48 71 83 24 55 46 6 55 39 58 69 63 15 55 72 65 122 73 38 106 64 109 66 18 59 1 60 47 39 38 24 66 24 56 73 72 64 107 69 58 28 73 9 71 11 38 29 65 20 39 32 64 108 39 58 123 47 46 68 69 30 40 61 72 31 38 63 47 71 74 105 8 17 15 27 32 30 27 14 40 11 69 55 66 49 11 63 72 21 23 34 70 69 14
