input_data/wasim/wasim_run1/input/alm.hor
ncols	135
nrows	130
xllcorner	22597.5
yllcorner	185062.5
cellsize	100
nodata_value	-9999
[rows 0 to 29 of 130, columns 67 to 133 of 135]
0.736964 0.781479 0.790002 0.792952 0.783415 0.786111 0.771266 0.775563 0.775645 0.779967 0.783578 0.784228 0.783689 0.803374 0.836877 0.858198 0.857055 0.827522 0.782846 0.747409 0.762235 0.773086 0.788 0.800141 0.799042 0.788107 0.793202 0.793049 0.790721 0.783124 0.771378 0.766721 0.765358 0.787482 0.798394 0.780036 0.782043 0.779195 0.775778 0.779929 0.775774 0.77946 0.787158 0.814021 0.813449 0.820467 0.835153 0.857188 0.867809 0.849459 0.835852 0.838053 0.772245 0.830236 0.826135 0.84091 0.860366 0.852676 0.815304 0.782005 0.765906 0.782402 0.801039 0.833484 0.850757 0.861351 0.872644
0.822303 0.757555 0.723354 0.742492 0.757533 0.764027 0.743919 0.747203 0.729375 0.696528 0.709481 0.714454 0.723527 0.725421 0.80744 0.833842 0.836887 0.765076 0.726462 0.689164 0.738218 0.782286 0.777017 0.787419 0.787827 0.761694 0.785317 0.757126 0.729649 0.708666 0.746045 0.741715 0.761079 0.818084 0.751257 0.752265 0.684095 0.647655 0.619129 0.643384 0.714527 0.742366 0.759385 0.770241 0.741583 0.723916 0.830582 0.848396 0.874808 0.768936 0.704916 0.902927 0.746273 0.781732 0.833934 0.861893 0.88515 0.843326 0.719174 0.709556 0.707204 0.748519 0.794091 0.811276 0.822085 0.803689 0.831419
0.768853 0.746685 0.720826 0.735078 0.715106 0.697498 0.709528 0.719258 0.728593 0.729783 0.732391 0.73051 0.700435 0.70662 0.782046 0.804629 0.794543 0.747809 0.731669 0.709065 0.685106 0.73625 0.757366 0.759078 0.776612 0.761342 0.747667 0.739228 0.71093 0.73383 0.734904 0.726722 0.685548 0.723127 0.676446 0.708383 0.67671 0.657996 0.67252 0.708534 0.728968 0.693666 0.765761 0.785946 0.782821 0.791058 0.777983 0.810116 0.834313 0.788252 0.770697 0.885054 0.873881 0.835929 0.881073 0.881246 0.855209 0.853183 0.761914 0.670366 0.65649 0.675786 0.741727 0.759335 0.761178 0.754691 0.728538
0.72619 0.705966 0.722633 0.734289 0.717982 0.674357 0.723314 0.753526 0.73935 0.745641 0.746231 0.751605 0.727241 0.703313 0.748935 0.769527 0.754412 0.727157 0.721246 0.712308 0.726982 0.744899 0.779933 0.784569 0.785961 0.77306 0.766762 0.750635 0.74203 0.742573 0.747897 0.750533 0.695557 0.691935 0.690814 0.739226 0.720676 0.679745 0.70858 0.751138 0.750458 0.74415 0.757434 0.754467 0.747757 0.785533 0.754677 0.818958 0.831819 0.790706 0.73171 0.859429 0.82227 0.702242 0.730286 0.69969 0.644614 0.637667 0.801316 0.848338 0.729178 0.723271 0.683167 0.665965 0.668689 0.679295 0.7161
0.719021 0.724689 0.728984 0.721777 0.689272 0.707132 0.72503 0.713783 0.717052 0.724656 0.721085 0.723197 0.727079 0.73782 0.738988 0.735925 0.748243 0.707048 0.687593 0.68341 0.728089 0.746135 0.762072 0.776109 0.76055 0.761272 0.723815 0.739076 0.764045 0.769569 0.772784 0.779742 0.790486 0.781511 0.763773 0.733146 0.710976 0.729569 0.734165 0.725202 0.727146 0.740111 0.771235 0.765958 0.744272 0.71717 0.746778 0.801116 0.822846 0.803855 0.756671 0.836662 0.869598 0.746392 0.80549 0.777785 0.738157 0.673427 0.651986 0.736672 0.843574 0.682075 0.643276 0.672195 0.651165 0.660495 0.782208
0.694804 0.714672 0.719093 0.723189 0.725575 0.714146 0.704383 0.709653 0.72262 0.718775 0.714505 0.712728 0.720444 0.712871 0.72331 0.739852 0.748557 0.669804 0.701127 0.721569 0.732975 0.76374 0.781354 0.750059 0.769109 0.743539 0.758405 0.773207 0.773057 0.763377 0.753797 0.775368 0.790684 0.81897 0.790645 0.753616 0.755393 0.732069 0.740017 0.73808 0.742151 0.793804 0.731421 0.713734 0.682552 0.659814 0.729207 0.775899 0.794609 0.825055 0.764205 0.815204 0.863587 0.818514 0.812469 0.72175 0.731318 0.751844 0.681624 0.707691 0.713435 0.792118 0.92998 0.814033 0.817331 0.836973 0.877263
0.744953 0.758642 0.729037 0.73581 0.756005 0.725455 0.703247 0.691729 0.694181 0.707242 0.678841 0.668882 0.683332 0.710567 0.729538 0.725283 0.711955 0.682484 0.679008 0.70808 0.726088 0.73738 0.737104 0.755698 0.76335 0.742335 0.757605 0.782773 0.783143 0.769027 0.760774 0.748217 0.809216 0.804779 0.789519 0.745728 0.717661 0.719037 0.751265 0.750876 0.76616 0.781758 0.747746 0.695403 0.669962 0.662623 0.67738 0.71566 0.778 0.811998 0.753532 0.728803 0.822654 0.854807 0.789895 0.778937 0.695104 0.738139 0.695853 0.661264 0.644614 0.637903 0.659426 0.811784 0.751627 0.811623 0.793382
0.812469 0.797632 0.757641 0.736883 0.755466 0.749403 0.72609 0.706212 0.70453 0.716841 0.695727 0.654556 0.658986 0.712173 0.721596 0.717295 0.703157 0.67435 0.637127 0.692823 0.724015 0.742419 0.743228 0.789663 0.774984 0.75588 0.744259 0.753449 0.772933 0.734602 0.759775 0.791763 0.807574 0.802378 0.782469 0.740566 0.727283 0.694553 0.706455 0.705931 0.70363 0.71318 0.729631 0.741967 0.766027 0.783752 0.789557 0.898711 0.783322 0.668768 0.681442 0.73475 0.747186 0.87449 0.782424 0.774873 0.71417 0.748392 0.70649 0.681028 0.711387 0.644698 0.635171 0.756796 0.661811 0.717282 0.729999
0.745204 0.76604 0.796859 0.768256 0.775928 0.78989 0.749768 0.757625 0.752591 0.746686 0.730948 0.696723 0.657138 0.674917 0.705583 0.712249 0.715327 0.656592 0.658534 0.680114 0.711556 0.746634 0.775678 0.780147 0.753831 0.735393 0.725212 0.715929 0.720423 0.694683 0.708284 0.745526 0.776351 0.776849 0.777292 0.750273 0.73845 0.699662 0.705377 0.736524 0.715907 0.721988 0.71146 0.678341 0.68765 0.717746 0.899357 0.726263 0.709669 0.645357 0.679909 0.72626 0.689129 0.762334 0.849642 0.795825 0.722163 0.716332 0.680009 0.722043 0.722862 0.741579 0.663609 0.762866 0.726775 0.757645 0.729631
0.770299 0.778376 0.764359 0.797978 0.797988 0.777532 0.773235 0.765773 0.722044 0.688992 0.71113 0.639637 0.621673 0.665875 0.681503 0.695967 0.683744 0.670313 0.679918 0.699326 0.692299 0.711085 0.732202 0.723145 0.740412 0.731952 0.71646 0.664221 0.643637 0.696824 0.687947 0.701536 0.714079 0.739217 0.755167 0.763823 0.746197 0.727329 0.685211 0.714415 0.67489 0.66282 0.666928 0.71862 0.728933 0.884982 0.729128 0.661394 0.677264 0.670499 0.701598 0.664141 0.677927 0.741018 0.78477 0.801692 0.737727 0.76613 0.741477 0.752387 0.749299 0.748567 0.730607 0.788308 0.800408 0.781086 0.822986
0.812645 0.797481 0.77465 0.795869 0.812614 0.801029 0.783492 0.754464 0.712212 0.703273 0.717587 0.673343 0.629328 0.651919 0.660768 0.70442 0.696559 0.666918 0.646618 0.673679 0.687374 0.705882 0.729178 0.724497 0.724426 0.723921 0.758307 0.755683 0.735857 0.742994 0.68367 0.692466 0.690197 0.690504 0.716324 0.726596 0.737044 0.71311 0.705964 0.742074 0.739224 0.681977 0.65828 0.721681 0.957206 0.728213 0.713065 0.669627 0.70103 0.723004 0.716768 0.713483 0.670057 0.70433 0.727385 0.850448 0.76357 0.727251 0.755881 0.762263 0.757469 0.780741 0.76765 0.807786 0.822475 0.788459 0.802323
0.802034 0.832401 0.793099 0.762302 0.784984 0.815148 0.787721 0.735332 0.702365 0.685102 0.69447 0.691794 0.647716 0.657887 0.66644 0.697772 0.681749 0.653449 0.666591 0.675552 0.709477 0.68664 0.697961 0.721413 0.706297 0.734214 0.776259 0.774889 0.79607 0.865744 0.731554 0.691147 0.680569 0.661718 0.681158 0.699597 0.721952 0.697276 0.67088 0.688688 0.733889 0.735869 0.749913 0.947662 0.737361 0.721912 0.694663 0.681864 0.721535 0.736719 0.731929 0.735672 0.712539 0.677134 0.683108 0.774411 0.827518 0.747696 0.741686 0.773709 0.748983 0.781966 0.797436 0.813093 0.799816 0.857265 0.787037
0.802721 0.826455 0.816327 0.805233 0.816058 0.796097 0.80224 0.769932 0.705323 0.672377 0.677842 0.647695 0.655882 0.661032 0.670087 0.677002 0.675832 0.646777 0.663448 0.688986 0.685325 0.670486 0.680968 0.719506 0.725796 0.731872 0.766532 0.755925 0.733391 0.774148 0.871882 0.794046 0.757591 0.723775 0.747454 0.770958 0.783971 0.792816 0.75761 0.727628 0.71248 0.697112 0.843024 0.729513 0.637337 0.743958 0.662485 0.709977 0.736137 0.738386 0.742913 0.739516 0.726751 0.704129 0.667596 0.730651 0.868857 0.74215 0.735092 0.736142 0.71079 0.748818 0.789067 0.795719 0.757011 0.825254 0.790173
0.697017 0.683236 0.724725 0.765928 0.748305 0.797103 0.81403 0.747921 0.692156 0.649132 0.655433 0.654697 0.656584 0.655594 0.64902 0.690768 0.665257 0.670487 0.686228 0.698614 0.679935 0.672715 0.669504 0.708381 0.747378 0.739845 0.717896 0.758774 0.741062 0.751643 0.773299 0.862142 0.893954 0.897192 0.855408 0.81967 0.814292 0.801629 0.780686 0.780314 0.745543 0.762793 0.938186 0.720797 0.621471 0.698103 0.683863 0.728031 0.754747 0.750014 0.729979 0.75212 0.742143 0.728377 0.673359 0.73415 0.825776 0.717003 0.732813 0.717086 0.730206 0.746882 0.777734 0.824525 0.770366 0.804028 0.800823
0.758083 0.775804 0.796985 0.775509 0.781805 0.808683 0.821121 0.778376 0.722988 0.694118 0.687279 0.669464 0.647311 0.660225 0.664099 0.655677 0.665082 0.660827 0.694362 0.676238 0.701407 0.663491 0.674564 0.646946 0.666058 0.67991 0.691923 0.699928 0.717558 0.732224 0.79439 0.773087 0.727784 0.72036 0.689393 0.740195 0.762675 0.753884 0.74065 0.72171 0.75242 0.823457 0.844496 0.71236 0.64416 0.640918 0.694124 0.756819 0.768577 0.776472 0.763283 0.759914 0.759718 0.734444 0.708473 0.730293 0.814849 0.722849 0.691298 0.731089 0.761958 0.774713 0.790425 0.827388 0.722092 0.798616 0.807004
0.866291 0.827802 0.800405 0.789381 0.797693 0.812743 0.79611 0.734601 0.71805 0.706791 0.6952 0.654581 0.637455 0.657108 0.593252 0.677686 0.673531 0.66699 0.664595 0.643293 0.67219 0.671665 0.712162 0.738453 0.758556 0.737242 0.72493 0.727813 0.714483 0.788078 0.749319 0.673125 0.661417 0.691993 0.734756 0.767047 0.746556 0.746136 0.753941 0.756676 0.756098 0.715575 0.733797 0.876074 0.716111 0.665291 0.665175 0.706483 0.756872 0.773497 0.760937 0.766535 0.76098 0.735405 0.749168 0.720127 0.738421 0.87032 0.717043 0.749867 0.786052 0.773527 0.788236 0.819837 0.835427 0.828297 0.83817
0.776192 0.798575 0.782226 0.787029 0.80579 0.777902 0.810463 0.750714 0.702449 0.692431 0.700058 0.669619 0.68132 0.657472 0.625854 0.609816 0.686264 0.658878 0.667966 0.657929 0.667434 0.663596 0.633592 0.638155 0.679865 0.698814 0.741208 0.762229 0.812208 0.780676 0.690832 0.665027 0.712381 0.730226 0.740516 0.741763 0.726946 0.712084 0.737165 0.748188 0.716394 0.688872 0.673612 0.859479 0.890513 0.770626 0.701865 0.678397 0.727975 0.763361 0.783668 0.772089 0.778987 0.757781 0.781516 0.753777 0.764291 0.755764 0.765014 0.773978 0.797054 0.774573 0.797938 0.824555 0.821047 0.80793 0.802067
0.756098 0.777188 0.754759 0.740862 0.737478 0.7712 0.771738 0.74846 0.695133 0.701325 0.713877 0.723313 0.667188 0.631108 0.648276 0.60499 0.606145 0.682147 0.673609 0.664903 0.638805 0.679638 0.664289 0.671743 0.694224 0.756403 0.789229 0.795852 0.742132 0.727967 0.728567 0.728514 0.740937 0.739512 0.713993 0.70855 0.726317 0.792448 0.732086 0.661669 0.67741 0.705498 0.741703 0.864224 0.860931 0.780044 0.771408 0.674745 0.682408 0.765275 0.787136 0.784974 0.774547 0.783922 0.766561 0.793909 0.797297 0.740528 0.749228 0.780215 0.786767 0.800822 0.820971 0.838812 0.837212 0.799918 0.831582
0.749907 0.771087 0.752332 0.731297 0.661599 0.692296 0.69069 0.710144 0.709524 0.686508 0.707669 0.676617 0.642083 0.664192 0.678412 0.719346 0.614711 0.673236 0.652568 0.631042 0.635517 0.659807 0.716223 0.744655 0.789122 0.815487 0.819971 0.819801 0.792243 0.776456 0.753858 0.731069 0.705803 0.702449 0.734489 0.762638 0.765827 0.706987 0.718722 0.728588 0.703161 0.676318 0.697852 0.821034 0.873225 0.826235 0.812234 0.75104 0.644893 0.706646 0.787445 0.785514 0.775553 0.784205 0.744694 0.763193 0.825617 0.747312 0.753137 0.779406 0.800195 0.823419 0.82862 0.836926 0.826018 0.848302 0.843231
0.770653 0.740166 0.73414 0.731534 0.706271 0.706944 0.673244 0.699058 0.705447 0.706409 0.676905 0.653203 0.674678 0.642037 0.715869 0.604381 0.600504 0.668653 0.661138 0.68014 0.6868 0.682461 0.729318 0.788476 0.809122 0.838034 0.800482 0.806373 0.786276 0.756018 0.755358 0.734756 0.740608 0.746062 0.793276 0.807691 0.794936 0.771267 0.746171 0.702196 0.676401 0.659772 0.67463 0.84278 0.801398 0.768873 0.742084 0.793963 0.773436 0.748974 0.71399 0.784124 0.762695 0.756008 0.775482 0.760943 0.804868 0.809223 0.755067 0.764778 0.829427 0.826002 0.823969 0.820231 0.824858 0.837539 0.80208
0.781595 0.745361 0.733141 0.731005 0.73245 0.737662 0.73668 0.736306 0.700147 0.682196 0.686141 0.691249 0.685633 0.730757 0.660047 0.622568 0.624619 0.669779 0.672988 0.692783 0.649683 0.699958 0.759915 0.790954 0.8024 0.810816 0.813685 0.80796 0.786625 0.77705 0.779083 0.757763 0.78748 0.817596 0.792259 0.783395 0.784954 0.748743 0.71634 0.683874 0.648195 0.676411 0.678058 0.895951 0.697021 0.712953 0.784612 0.802925 0.805496 0.825339 0.771334 0.723491 0.738302 0.742101 0.753548 0.756938 0.794371 0.816511 0.787278 0.813855 0.824015 0.824215 0.808944 0.801128 0.79267 0.759488 0.734344
0.754974 0.752191 0.762891 0.778433 0.724272 0.694259 0.721258 0.713318 0.701149 0.697297 0.715567 0.712699 0.719872 0.712792 0.718931 0.715523 0.706333 0.732882 0.712833 0.692699 0.700743 0.736514 0.780119 0.817952 0.811396 0.800437 0.800342 0.813075 0.78804 0.77502 0.758123 0.747793 0.762471 0.799008 0.793827 0.782113 0.796443 0.793399 0.760754 0.745799 0.724932 0.800663 0.926082 0.806289 0.689268 0.686721 0.796136 0.781155 0.764142 0.719966 0.819538 0.72959 0.708762 0.751606 0.7611 0.789161 0.817596 0.816329 0.825797 0.835299 0.817675 0.825069 0.784525 0.769745 0.754649 0.747361 0.734359
0.752 0.753538 0.765074 0.786669 0.772861 0.721453 0.706998 0.678899 0.678414 0.712914 0.71621 0.715333 0.726575 0.698987 0.721083 0.746484 0.740167 0.68895 0.670757 0.677235 0.723043 0.758913 0.756611 0.804252 0.805145 0.800312 0.805447 0.810871 0.792203 0.770261 0.743825 0.73327 0.725899 0.734209 0.781966 0.761303 0.729892 0.740919 0.766742 0.795619 0.894791 0.823943 0.793788 0.846194 0.666494 0.678955 0.769346 0.751781 0.767271 0.722569 0.747573 0.866384 0.75448 0.721293 0.744389 0.789537 0.813251 0.834549 0.831377 0.815045 0.825724 0.839276 0.769775 0.762375 0.744613 0.709655 0.717973
0.773077 0.769154 0.769038 0.784209 0.791675 0.77932 0.77649 0.756549 0.713029 0.704585 0.705169 0.719317 0.727015 0.717586 0.720747 0.727153 0.733453 0.715653 0.698306 0.68806 0.705191 0.736216 0.770328 0.79791 0.796672 0.798429 0.799692 0.791199 0.760319 0.750982 0.755486 0.757464 0.765693 0.742665 0.776816 0.766442 0.846738 0.866817 0.8163 0.771806 0.779125 0.726975 0.695629 0.845261 0.706844 0.671844 0.760123 0.799647 0.784528 0.795606 0.768966 0.831683 0.771093 0.71764 0.756513 0.808286 0.792431 0.840513 0.836739 0.807858 0.816602 0.814719 0.7615 0.776384 0.727445 0.694809 0.714074
0.772802 0.777284 0.783317 0.766663 0.773785 0.788553 0.761966 0.726208 0.69833 0.68889 0.707864 0.720122 0.739101 0.737268 0.714333 0.721861 0.729057 0.685563 0.707315 0.692826 0.670886 0.655153 0.688016 0.771904 0.784831 0.79369 0.79902 0.770018 0.738969 0.729963 0.754753 0.771911 0.777766 0.776017 0.793966 0.872906 0.731442 0.689047 0.70206 0.743221 0.808257 0.725524 0.658559 0.760915 0.823957 0.658719 0.729493 0.789985 0.793184 0.810046 0.813887 0.841344 0.840128 0.762311 0.72804 0.801526 0.816948 0.819782 0.82556 0.802331 0.789015 0.774128 0.756308 0.740564 0.708366 0.71488 0.698862
0.797188 0.796259 0.811294 0.791407 0.78832 0.779239 0.766972 0.721698 0.712253 0.703125 0.696877 0.721207 0.734031 0.724263 0.713574 0.725597 0.70095 0.690696 0.680654 0.676484 0.69349 0.700314 0.744091 0.783958 0.772649 0.782904 0.791427 0.768004 0.738121 0.770292 0.776634 0.746625 0.764908 0.794519 0.835484 0.762496 0.734627 0.752745 0.716905 0.753528 0.795177 0.736381 0.705691 0.744187 0.910426 0.74523 0.715713 0.755607 0.801944 0.809734 0.81181 0.8372 0.842846 0.847059 0.821767 0.820622 0.819724 0.816153 0.806769 0.776704 0.765066 0.747163 0.739813 0.687685 0.68003 0.660458 0.613258
0.803081 0.783367 0.809316 0.817269 0.7972 0.75905 0.742001 0.720492 0.706075 0.723699 0.71714 0.717696 0.73304 0.723606 0.724576 0.705867 0.666565 0.715834 0.719975 0.721246 0.681439 0.727682 0.776061 0.783021 0.784389 0.798631 0.819377 0.828041 0.834174 0.861481 0.843827 0.814949 0.85076 0.836779 0.782728 0.737077 0.756304 0.733695 0.726613 0.75073 0.761607 0.766504 0.770845 0.776877 0.879223 0.819639 0.755575 0.720902 0.731634 0.777243 0.814236 0.805943 0.790057 0.803426 0.822199 0.801662 0.820001 0.805343 0.780002 0.781353 0.758818 0.727831 0.696724 0.643448 0.697945 0.684201 0.668998
0.787624 0.782019 0.781253 0.802922 0.78143 0.782671 0.736342 0.725651 0.711624 0.713083 0.710261 0.695402 0.705068 0.683431 0.70776 0.720682 0.651758 0.731311 0.750331 0.714195 0.691136 0.715565 0.754765 0.800753 0.801385 0.819348 0.816861 0.78435 0.775622 0.751072 0.734369 0.775199 0.802838 0.792087 0.81976 0.782937 0.780771 0.741218 0.747824 0.771366 0.76404 0.741037 0.712753 0.791402 0.885258 0.907004 0.809909 0.723535 0.750334 0.786907 0.768856 0.767795 0.798332 0.808067 0.79628 0.795207 0.799045 0.777265 0.75461 0.759165 0.738661 0.701151 0.651526 0.64867 0.709446 0.742229 0.815796
0.787016 0.744138 0.727179 0.755469 0.776348 0.782011 0.714464 0.716949 0.715756 0.660821 0.634661 0.640982 0.666184 0.690943 0.715869 0.694007 0.707591 0.724384 0.738812 0.700439 0.716704 0.720077 0.75087 0.794829 0.821786 0.81459 0.82097 0.825394 0.799287 0.795144 0.745202 0.746609 0.82633 0.820832 0.810455 0.781796 0.810999 0.745673 0.713321 0.730897 0.758643 0.717351 0.696418 0.810917 0.862823 0.798673 0.90275 0.796475 0.757208 0.743666 0.762833 0.774884 0.777937 0.792233 0.775411 0.777874 0.773038 0.750952 0.726306 0.738278 0.711629 0.652561 0.67716 0.685415 0.739052 0.807231 0.790402
0.826439 0.765067 0.758011 0.7369 0.740878 0.7521 0.71414 0.704859 0.690844 0.618144 0.668681 0.702235 0.674693 0.734372 0.730677 0.711274 0.728812 0.745263 0.728301 0.704235 0.680716 0.707823 0.773401 0.82308 0.821998 0.726478 0.78987 0.826959 0.830544 0.789259 0.785921 0.799283 0.811208 0.812184 0.77043 0.735396 0.767693 0.714168 0.68596 0.670311 0.695162 0.697916 0.647703 0.761164 0.839247 0.838696 0.896424 0.804795 0.781642 0.734752 0.768881 0.764062 0.758855 0.762492 0.752821 0.731327 0.689424 0.681453 0.672499 0.687175 0.708028 0.713458 0.760071 0.740407 0.730753 0.677331 0.669179
