input_data/wasim/wasim_run1/input/alm.svfdir_2
ncols	135
nrows	130
xllcorner	22597.5
yllcorner	185062.5
cellsize	100
nodata_value	-9999
[rows 28 to 55 of 130, columns 0 to 64 of 135]
0.00087993 -0.074477 0.137753 0.124746 0.141046 0.20358 0.157303 0.0712943 -0.248491 -0.352416 -0.357537 -0.372816 -0.387529 -0.368834 -0.386677 -0.315278 -0.340784 -0.307083 -0.254181 -0.156442 -0.134469 -0.0903707 -0.105009 0.0379791 -0.286404 -0.433543 -0.342855 -0.234106 -0.275619 -0.0460349 -0.354452 -0.449735 -0.326046 -0.212067 -0.104809 -0.152066 -0.236826 -0.478429 -0.508646 -0.376178 -0.49836 -0.529913 -0.518328 -0.490836 -0.491159 -0.528483 -0.533161 -0.477672 -0.313851 -0.33783 -0.42633 -0.442442 -0.358143 -0.371134 -0.485429 -0.501102 -0.530041 -0.525003 0.0542512 0.0598771 0.021151 0.000998791 0.103714 0.206507 0.16778
-0.148172 -0.287432 -0.168669 -0.00577321 -0.0574675 0.0590004 0.088719 0.0116717 -0.198217 -0.346893 -0.354429 -0.368646 -0.383318 -0.356546 -0.308236 -0.255091 -0.126713 -0.0555213 0.0569682 0.0149698 -0.0884094 -0.0739975 0.247068 0.12814 -0.16446 -0.422435 -0.447339 -0.33686 -0.142724 -0.321994 -0.192366 -0.440718 -0.438608 -0.244284 -0.185529 -0.166655 -0.172673 -0.454198 -0.414665 -0.270239 -0.486072 -0.521615 -0.523883 -0.455998 -0.521514 -0.485047 -0.523564 -0.466569 -0.377097 -0.395846 -0.431458 -0.417584 -0.273679 -0.306165 -0.476952 -0.503139 -0.509922 -0.522667 -0.457448 -0.304104 -0.256457 -0.276312 -0.265958 -0.238742 -0.151065
-0.149864 -0.173382 -0.253322 -0.102461 -0.0649795 0.00325749 0.0917826 0.00617029 -0.220817 -0.332354 -0.344402 -0.358639 -0.377095 -0.414112 -0.370727 -0.375623 -0.334686 -0.445585 -0.367978 -0.101228 -0.105034 0.0643065 0.342664 0.290071 0.0546064 -0.167709 -0.408076 -0.401103 -0.0727125 -0.0387034 -0.118317 -0.353591 -0.398621 -0.241436 -0.0933869 -0.255264 -0.286426 -0.418446 -0.34009 -0.228494 -0.475741 -0.515523 -0.517187 -0.518028 -0.502681 -0.412325 -0.444383 -0.491237 -0.38876 -0.432872 -0.39237 -0.367274 -0.448242 -0.341959 -0.468124 -0.483358 -0.492335 -0.501078 -0.498366 -0.392565 -0.384076 -0.325134 -0.327697 -0.310791 -0.308264
-0.0300736 0.0814045 -0.0391156 -0.153547 -0.0617911 -0.00826486 0.087284 0.0436084 -0.23271 -0.29341 -0.310486 -0.349389 -0.324694 -0.401731 -0.450779 -0.471849 -0.487607 -0.489306 -0.500746 -0.517645 -0.520986 -0.118333 0.614243 0.392261 0.0601824 -0.354712 -0.558946 -0.573538 -0.113204 0.0345004 0.00951839 -0.0921524 -0.164214 -0.270306 0.0595433 -0.0259803 -0.247005 -0.336739 -0.333908 -0.219427 -0.426222 -0.490026 -0.481217 -0.503171 -0.516509 -0.377862 -0.366913 -0.463651 -0.415036 -0.338434 -0.334634 -0.261513 -0.357748 -0.450651 -0.458729 -0.466319 -0.474013 -0.475729 -0.483849 -0.391493 -0.396476 -0.360833 -0.263564 -0.254313 -0.222189
0.0991909 0.229981 0.232759 0.0446236 -0.0487105 0.00785025 0.0709761 0.0366029 -0.248091 -0.309177 -0.29393 -0.348491 -0.397116 -0.417288 -0.443878 -0.45754 -0.471568 -0.486198 -0.500437 -0.517674 -0.536524 -0.561187 -0.0481704 0.526328 0.227178 -0.227775 -0.612061 -0.632573 -0.570233 -0.289332 -0.240294 -0.0637675 0.154117 -0.0169778 0.193067 0.304872 0.186435 0.0699667 -0.0901798 -0.18103 -0.287553 -0.338906 -0.404192 -0.466489 -0.506074 -0.450803 -0.347724 -0.379217 -0.305602 -0.216792 -0.315945 -0.178477 -0.364896 -0.375739 -0.449619 -0.455026 -0.46045 -0.457841 -0.470829 -0.413271 -0.42498 -0.376788 -0.272793 -0.224054 -0.189025
0.00847382 -0.0468729 0.0837093 0.0799597 -0.00429068 0.0295178 0.0563388 0.0104625 -0.315734 -0.356675 -0.367702 -0.371807 -0.399001 -0.418651 -0.433317 -0.449484 -0.461532 -0.435302 -0.482751 -0.497363 -0.484588 -0.563155 -0.587409 -0.595575 -0.313691 0.0296765 -0.592717 -0.571242 -0.555026 -0.485546 -0.549833 -0.55116 -0.464384 -0.109954 -0.129057 0.268006 0.375144 0.424341 0.361544 0.116888 -0.0749729 -0.187167 -0.277358 -0.383809 -0.48733 -0.492072 -0.354836 -0.270126 -0.238702 -0.0629595 -0.122686 -0.0166548 -0.247802 -0.370238 -0.444952 -0.448146 -0.454089 -0.454764 -0.43075 -0.432952 -0.432823 -0.407769 -0.361272 -0.277904 -0.223856
-0.207815 -0.341202 -0.248192 -0.119987 -0.0990374 0.0104019 0.0306107 -0.0145641 -0.316724 -0.359491 -0.367902 -0.378356 -0.312777 -0.258726 -0.132131 -0.200688 -0.312686 -0.304484 -0.359812 -0.523297 -0.551194 -0.562713 -0.572927 -0.573401 -0.591025 -0.51493 -0.31179 -0.472528 -0.563767 -0.528977 -0.487337 -0.475114 -0.543525 -0.576424 -0.511308 -0.572579 -0.171877 0.473838 0.512187 0.420559 0.270686 0.122459 -0.00373304 -0.21368 -0.366009 -0.436148 -0.454345 -0.306522 -0.0878943 0.0632836 0.112308 0.131886 0.0125833 -0.311749 -0.442435 -0.444277 -0.447955 -0.44817 -0.449067 -0.397514 -0.356049 -0.425061 -0.355743 -0.27578 -0.266351
-0.296004 -0.289417 -0.295636 -0.229134 -0.0820883 0.0377773 0.0663856 -0.0507601 -0.309544 -0.344687 -0.342063 -0.370776 -0.414184 -0.432693 -0.364806 -0.255449 -0.285091 -0.365454 -0.422628 -0.527376 -0.533413 -0.546391 -0.560605 -0.562836 -0.578232 -0.605411 -0.264482 -0.532987 -0.5048 -0.459544 -0.390737 -0.396596 -0.522068 -0.567577 -0.559698 -0.478069 -0.565846 -0.481375 0.364009 0.388868 0.329491 0.303186 0.226072 0.113533 -0.0430019 -0.287125 -0.364757 -0.295382 -0.220874 0.129024 0.234451 0.212389 0.17368 -0.0534604 -0.390784 -0.424973 -0.419397 -0.439055 -0.416608 -0.331254 -0.392398 -0.384814 -0.325402 -0.356847 -0.259087
-0.27451 -0.223659 -0.291042 -0.262339 -0.14465 0.0718614 0.118863 -0.0234019 -0.339767 -0.358786 -0.368588 -0.388521 -0.41022 -0.432622 -0.457573 -0.468664 -0.50516 -0.518971 -0.495585 -0.397559 -0.519564 -0.538561 -0.545948 -0.556619 -0.567077 -0.598859 -0.322027 -0.499916 -0.491732 -0.534656 -0.451012 -0.431729 -0.500665 -0.51354 -0.555095 -0.511479 -0.49436 -0.568096 -0.548642 0.176774 0.113027 0.132764 0.124548 0.175549 0.186306 0.14891 -0.0263175 0.067128 0.0660508 0.328324 0.450213 0.356011 0.2709 0.136275 -0.157529 -0.318832 -0.412907 -0.331356 -0.361219 -0.258284 -0.395644 -0.384641 -0.301454 -0.316413 -0.313779
-0.243425 -0.159041 -0.261829 -0.257835 -0.19258 0.0209767 0.0989853 0.0120794 -0.31039 -0.359563 -0.371681 -0.388723 -0.387576 -0.391819 -0.422992 -0.481986 -0.485748 -0.495201 -0.498666 -0.499084 -0.509928 -0.530631 -0.53144 -0.545089 -0.557114 -0.584417 -0.400376 -0.465276 -0.499693 -0.464997 -0.455809 -0.497957 -0.509777 -0.42689 -0.546323 -0.522828 -0.405763 -0.548918 -0.558576 -0.515399 0.188219 0.217518 0.172829 0.263518 0.296776 0.297253 0.230478 0.24718 0.224522 0.44221 0.63317 0.43196 0.356227 0.226952 0.0969431 -0.0650864 -0.280367 -0.326331 -0.21244 -0.17531 -0.322673 -0.346559 -0.336884 -0.294345 -0.281111
-0.229274 -0.199192 -0.248001 -0.256138 -0.237824 -0.0949734 0.0675286 0.0340355 -0.247114 -0.352288 -0.366926 -0.364637 -0.405353 -0.449345 -0.46869 -0.483653 -0.368182 -0.478944 -0.48849 -0.489793 -0.514455 -0.521205 -0.527204 -0.543876 -0.530294 -0.577476 -0.223915 -0.416264 -0.464701 -0.456571 -0.429133 -0.401184 -0.394783 -0.486248 -0.533955 -0.493563 -0.520238 -0.535226 -0.540513 -0.553736 -0.561761 0.198503 0.354079 0.32197 0.55979 0.413471 0.317289 0.322693 0.094647 0.175022 0.599865 0.645547 0.445727 0.376096 0.25083 0.156735 -0.0607873 -0.18892 -0.234601 -0.100337 -0.242351 -0.224216 -0.230375 -0.216172 -0.185663
-0.191246 -0.235323 -0.250321 -0.248933 -0.153098 -0.0384011 0.0387609 -0.0145319 -0.195965 -0.328087 -0.360418 -0.400107 -0.421061 -0.435036 -0.457213 -0.463534 -0.464444 -0.467807 -0.481063 -0.487057 -0.511343 -0.51185 -0.525183 -0.526631 -0.516311 -0.506452 -0.0704684 -0.352927 -0.414337 -0.433352 -0.528794 -0.370082 -0.379889 -0.470532 -0.529027 -0.531404 -0.474389 -0.529017 -0.511068 -0.534899 -0.549043 -0.556103 -0.00664459 0.0451171 -0.0140433 0.0308043 -0.507067 0.0998439 -0.182011 -0.445286 -0.375367 0.519908 0.544304 0.468212 0.451748 0.327585 0.255758 0.0728949 -0.0487543 0.0281202 -0.0603872 -0.0996349 -0.129158 -0.125186 -0.0644253
-0.0412266 -0.076759 -0.0324952 -0.105395 -0.115529 0.0946837 0.147802 0.0452676 -0.150405 -0.323654 -0.365547 -0.388585 -0.410201 -0.426732 -0.442278 -0.450941 -0.453704 -0.456975 -0.467805 -0.48698 -0.504926 -0.490831 -0.514507 -0.550436 -0.570776 -0.585001 -0.0611096 -0.23969 -0.415571 -0.402872 -0.519803 -0.412371 -0.315026 -0.460579 -0.521785 -0.525201 -0.512756 -0.503295 -0.394725 -0.520377 -0.534979 -0.552687 -0.572927 0.0811617 -0.0763017 -0.250189 -0.545974 -0.558711 -0.296518 -0.36 -0.474507 -0.508416 0.409074 0.520777 0.469057 0.394164 0.285303 0.227444 0.0950848 0.0964512 0.0283708 0.020312 0.00458194 -0.0492635 0.0101175
0.0937625 0.235637 0.270253 0.202331 0.04743 0.0559316 0.18631 0.183095 0.0252006 -0.223754 -0.365654 -0.384229 -0.402133 -0.418213 -0.435018 -0.427304 -0.45234 -0.434431 -0.45419 -0.4791 -0.497143 -0.502865 -0.506455 -0.527832 -0.550763 -0.576227 -0.219478 -0.320532 -0.320716 -0.383063 -0.461476 -0.467829 -0.30215 -0.367351 -0.498926 -0.512962 -0.455698 -0.341203 -0.500587 -0.509662 -0.520622 -0.537848 -0.560307 -0.581151 -0.0521951 0.253954 -0.0919199 -0.262603 -0.199154 -0.386587 -0.479942 -0.492527 -0.520205 0.26129 0.293989 0.379003 0.325304 0.206581 0.0470988 0.0801237 0.0753554 0.0233886 0.0416105 0.0560855 -0.0267021
0.187385 0.242949 0.303708 0.340387 0.250794 0.106497 0.135517 0.152277 0.155636 -0.0302645 -0.300593 -0.379575 -0.395442 -0.389965 -0.438805 -0.356598 -0.349919 -0.297181 -0.285245 -0.424812 -0.491604 -0.485197 -0.438908 -0.440063 -0.47648 -0.466423 0.122657 -0.15724 -0.417663 -0.387915 -0.42457 -0.457725 -0.397531 -0.302775 -0.372645 -0.431893 -0.391113 -0.27122 -0.407039 -0.503011 -0.509659 -0.522734 -0.538968 -0.550375 -0.551186 -0.537896 0.259496 0.257003 0.0825053 -0.192233 -0.406723 -0.481208 -0.471193 -0.491515 0.149445 0.187465 0.259071 0.221047 0.0505839 -0.195526 -0.125969 -0.162838 -0.147881 -0.118902 -0.135971
0.222277 0.24572 0.348705 0.311907 0.307628 0.130994 0.143969 0.0658338 0.119062 0.167492 -0.0690294 -0.364806 -0.383538 -0.42758 -0.439026 -0.404325 -0.264683 -0.0496167 0.0273896 -0.0673345 -0.199305 -0.346943 -0.405093 -0.42146 -0.527065 -0.58636 0.27225 0.118186 -0.321847 -0.34553 -0.40848 -0.44365 -0.441819 -0.393236 -0.28889 -0.24645 -0.25665 -0.242398 -0.231602 -0.336254 -0.500618 -0.509383 -0.519197 -0.528546 -0.533535 -0.541477 -0.552375 -0.153202 0.125282 -0.154024 -0.334462 -0.465081 -0.388797 -0.495358 -0.297552 0.0245802 0.00474829 -0.0871825 -0.0836252 -0.20151 -0.234517 -0.253622 -0.283076 -0.282772 -0.230733
0.150429 0.228961 0.4141 0.328623 0.262043 0.248518 0.323215 0.259737 0.110135 0.184559 0.155686 -0.303367 -0.403098 -0.425469 -0.436821 -0.439294 -0.439146 -0.455269 -0.244507 0.000739413 0.0686749 -0.258024 -0.536795 -0.555632 -0.560677 -0.560815 -0.486819 0.207398 -0.116089 -0.290962 -0.366389 -0.411268 -0.428615 -0.448744 -0.479071 -0.372232 -0.309751 -0.291496 -0.057172 -0.157635 -0.419789 -0.497148 -0.501581 -0.509747 -0.511924 -0.520612 -0.523667 -0.477381 -0.325075 -0.270092 -0.438014 -0.462124 -0.464889 -0.431556 -0.426196 -0.226623 -0.0987935 -0.112029 -0.117643 -0.251674 -0.17374 -0.1804 -0.188543 -0.126454 -0.104135
0.125137 -0.245114 0.109635 0.285459 0.230124 0.237363 0.331262 0.433078 0.360134 0.244499 0.208053 -0.0517049 -0.393827 -0.412259 -0.424312 -0.455329 -0.479529 -0.483135 -0.501015 -0.524429 -0.538862 -0.397572 -0.529549 -0.534934 -0.53721 -0.540816 -0.554976 0.0646463 0.125265 -0.162134 -0.262788 -0.29294 -0.336829 -0.44998 -0.400333 -0.485738 -0.426784 -0.397242 -0.162165 -0.0638084 -0.338164 -0.486448 -0.488689 -0.493907 -0.495917 -0.502166 -0.500741 -0.484055 -0.508491 -0.311952 -0.398946 -0.421801 -0.4639 -0.458001 -0.33292 -0.293145 -0.160542 -0.0708382 0.0535251 -0.0489434 -0.101178 -0.184929 -0.150817 -0.154046 -0.0494184
-0.104236 -0.285608 -0.296321 0.0786209 0.181618 0.0231765 0.161157 0.289921 0.271627 0.252781 0.206686 -0.00133408 -0.287901 -0.405064 -0.418726 -0.441406 -0.461279 -0.477362 -0.490115 -0.508987 -0.509191 -0.50971 -0.519072 -0.526145 -0.526986 -0.530621 -0.545626 -0.556375 0.29105 0.0270125 -0.241687 -0.239563 -0.189753 -0.284199 -0.328589 -0.472661 -0.502864 -0.391144 -0.142055 -0.0151914 -0.256227 -0.405129 -0.479303 -0.482246 -0.475884 -0.485116 -0.45587 -0.483116 -0.457611 -0.483902 -0.288864 -0.443503 -0.41567 -0.454549 -0.411153 -0.362626 -0.186537 -0.139726 0.0173777 -0.0219131 -0.0291527 -0.205982 -0.110217 -0.114526 -0.120575
-0.17106 -0.112736 -0.124923 -0.0400762 0.00309 -0.246411 -0.105175 0.122056 0.165758 0.178176 0.21529 -0.020733 -0.182114 -0.329193 -0.35922 -0.427005 -0.452877 -0.475049 -0.483041 -0.492553 -0.500642 -0.506649 -0.383408 -0.33173 -0.442069 -0.490622 -0.54014 -0.557007 -0.0591694 0.249833 -0.0512252 -0.170067 -0.143827 -0.0947906 -0.294086 -0.432936 -0.428291 -0.473275 -0.268535 0.171551 -0.0362939 -0.317646 -0.427386 -0.41282 -0.455221 -0.469919 -0.469278 -0.437814 -0.450939 -0.467472 -0.467849 -0.422297 -0.428483 -0.399709 -0.433758 -0.422612 -0.332441 -0.281151 -0.142364 -0.13293 -0.254676 -0.2033 -0.253931 -0.106449 -0.0746806
-0.156714 -0.108007 -0.130507 -0.0634843 -0.0865262 -0.261459 -0.405649 -0.284913 -0.00671053 0.197899 0.107312 0.0119206 -0.173999 -0.297515 -0.302811 -0.323626 -0.361942 -0.453131 -0.450413 -0.485719 -0.489027 -0.498778 -0.523962 -0.240884 -0.397529 -0.493927 -0.535557 -0.545097 -0.50435 0.316874 0.289896 -0.00966067 -0.234001 -0.0185927 -0.121013 -0.430361 -0.493309 -0.429029 -0.464848 -0.0539559 0.204872 -0.0799363 -0.357259 -0.345048 -0.38706 -0.402456 -0.455179 -0.434152 -0.459668 -0.426845 -0.456737 -0.409557 -0.403598 -0.351513 -0.407483 -0.43873 -0.431034 -0.383169 -0.334359 -0.189559 -0.293423 -0.301345 -0.234304 -0.13416 -0.00477209
-0.141894 -0.175377 -0.269391 -0.185533 -0.154302 -0.0804138 -0.161267 -0.334804 -0.334475 -0.0641799 -0.00228788 -0.052689 -0.15993 -0.211454 -0.155283 -0.121425 -0.167591 -0.146319 -0.261568 -0.398201 -0.428688 -0.425219 -0.523885 -0.527031 -0.528488 -0.476829 -0.466435 -0.441253 -0.374987 0.142814 0.303655 0.0779385 -0.126616 -0.220976 -0.118476 -0.252166 -0.438605 -0.436185 -0.501789 -0.447972 0.0505695 0.252068 0.0141863 -0.115737 -0.121013 -0.224763 -0.343945 -0.401235 -0.38441 -0.445431 -0.444578 -0.37747 -0.364597 -0.36301 -0.39708 -0.422625 -0.391073 -0.379857 -0.355692 -0.309581 -0.281845 -0.256226 -0.225046 -0.0285859 -0.0851484
-0.12914 -0.0887398 -0.0413036 -0.116777 -0.211609 -0.310063 -0.102508 -0.250267 -0.150185 -0.0450033 -0.0635899 -0.189857 -0.259373 -0.268274 -0.166848 -0.166076 -0.187964 0.0373291 0.2392 0.0316188 -0.30532 -0.514363 -0.516426 -0.518753 -0.395353 -0.220608 -0.144313 -0.384509 -0.524764 -0.102131 0.00344174 -0.102297 -0.154008 -0.225091 -0.176168 -0.0884338 -0.130257 -0.257571 -0.475367 -0.483095 -0.458841 -0.0526568 0.100372 0.0213919 0.0339327 0.084234 -0.0409653 -0.232913 -0.34411 -0.3838 -0.367154 -0.29491 -0.369468 -0.253247 -0.195572 -0.234364 -0.258243 -0.275161 -0.209204 -0.225905 -0.18686 -0.121075 -0.175378 -0.00885585 -0.0768086
-0.114971 -0.110352 -0.160918 -0.0850964 -0.125388 -0.250979 -0.314965 -0.227869 -0.178355 -0.0634003 -0.147864 -0.353937 -0.341087 -0.342644 -0.398276 -0.461643 -0.507125 -0.508359 -0.388684 -0.131392 -0.236014 -0.496085 -0.512832 -0.411093 -0.17833 -0.296134 -0.55362 -0.573026 -0.580008 -0.391038 0.0602258 -0.168846 -0.333544 -0.287583 -0.21954 -0.0948317 0.0817763 0.000323999 -0.287688 -0.397814 -0.47038 -0.410599 -0.34008 -0.313889 -0.150473 0.0670905 0.0828411 0.0105799 -0.172704 -0.204499 -0.0777404 0.0295289 -0.0830175 -0.0105033 0.149894 0.157086 0.182045 0.13467 0.109333 -0.0286139 -0.185677 -0.0102975 -0.0174862 -0.115577 -0.0582823
-0.121669 -0.205203 -0.242987 -0.263549 -0.0867118 -0.120428 -0.224924 -0.267006 -0.137939 -0.0958509 -0.21808 -0.359571 -0.371628 -0.385314 -0.48624 -0.488642 -0.492022 -0.494598 -0.498525 -0.503003 -0.478312 -0.425395 -0.465348 -0.356053 -0.328664 -0.291625 -0.478288 -0.554162 -0.562048 -0.570103 0.144514 0.179844 -0.170802 -0.265241 -0.292276 -0.317051 0.155413 0.155392 -0.0632348 -0.0516139 -0.300405 -0.348679 -0.376119 -0.358443 -0.344004 -0.0843614 0.107342 0.127407 0.231475 0.0387197 0.0985576 0.175241 0.107223 0.0186152 0.182027 0.221263 0.299679 0.307704 0.30963 0.185021 -0.0225072 -0.128741 -0.0585826 -0.130879 -0.209171
-0.171852 -0.165577 -0.145474 -0.194961 -0.0168075 0.0563213 -0.118273 -0.120049 -0.0454246 -0.000250956 -0.0508629 -0.199409 -0.409396 -0.474256 -0.483241 -0.48702 -0.444362 -0.392613 -0.446934 -0.40005 -0.25739 -0.272304 -0.382104 -0.155164 -0.161384 -0.106244 -0.356504 -0.535325 -0.54548 -0.555898 -0.529203 0.411631 0.276972 0.0428023 -0.0780159 -0.328825 0.0730233 0.437405 0.254565 0.180538 0.0327204 -0.138914 -0.277011 -0.166446 -0.101624 0.110886 0.175222 0.148818 0.233724 0.31611 0.277686 0.471181 0.310838 0.054792 0.0293137 0.074525 0.0714734 0.23851 0.295763 0.178864 -0.101934 -0.17511 -0.243892 -0.242198 -0.27083
-0.281646 -0.202318 -0.138322 -0.395112 -0.201342 -0.0467497 -0.172227 -0.202231 -0.0724176 0.0301942 -0.156535 -0.164408 -0.40274 -0.472671 -0.480055 -0.484642 -0.450942 -0.246511 -0.207189 -0.175664 -0.0406705 -0.0297168 -0.256943 -0.531118 0.120173 0.0704342 -0.32807 -0.528999 -0.502408 -0.543581 -0.553321 0.0202689 0.454792 0.248195 0.143527 -0.0311042 -0.0709449 0.410137 0.551732 0.438342 0.232267 0.102525 0.00428982 -0.00321051 0.0707945 0.237437 0.187991 0.096058 0.092504 0.216485 0.135956 0.439135 0.536912 0.342207 0.171477 0.0950701 -0.217094 -0.314134 -0.135977 -0.0404994 -0.259449 -0.241868 -0.249286 -0.400039 -0.411659
-0.340407 -0.440144 -0.21878 -0.224084 -0.328823 -0.304796 -0.181793 -0.223393 -0.259009 -0.381513 -0.385996 -0.305701 -0.24774 -0.36402 -0.453912 -0.435575 -0.439942 -0.323683 -0.165163 -0.0629089 -0.0372723 -0.256381 -0.54961 -0.570524 -0.289572 -0.0342936 -0.297299 -0.499793 -0.416691 -0.528031 -0.544951 -0.574743 0.230789 0.33593 0.265505 0.0715297 -0.217185 0.118621 0.532023 0.60998 0.545401 0.203285 0.176652 0.160097 0.138598 0.175593 0.0943516 0.104286 0.139951 0.0783982 0.0345985 0.165957 0.300671 0.144234 0.0817525 0.0906531 -0.0415748 -0.281364 -0.164172 -0.200765 -0.19914 -0.152528 -0.165019 -0.346966 -0.399517
