input_data/wasim/wasim_run1/input/alm.exp
ncols	135
nrows	130
xllcorner	22597.5
yllcorner	185062.5
cellsize	100
nodata_value	-9999
[rows 31 to 61 of 130, columns 0 to 69 of 135]
41.0009 40.5251 75.7103 95.1706 81.7771 88.0406 87.4781 89.4011 49.7492 312.649 296.156 283.807 294.12 276.927 265.636 248.581 232.784 226.11 252.559 275.343 283.026 12.9729 26.6061 353.528 327.795 301.939 286.619 302.47 93.731 89.5774 81.0528 82.9871 102.245 100.715 68.8686 84.7388 87.2621 98.5432 108.903 73.2919 71.9654 150.455 163.872 200.313 178.582 123.969 136.026 161.241 140.464 143.214 136.32 140.68 167.501 203.331 220.254 208.345 196.442 193.54 180.719 152.622 151.833 134.779 126.689 125.647 127.166 143.629 149.253 137.671 135.388 124.198
53.6596 37.5795 65.282 79.0933 73.2523 87.0943 89.6438 88.174 323.001 300.587 302.582 284.649 276.258 276.699 240.321 231.071 231.881 255.361 269.531 266.008 258.963 268.495 342.646 13.651 350.667 303.134 262.389 211.089 149.552 119.314 98.2193 81.6546 57.7113 56.7052 51.1583 51.8758 35.8124 46.4444 66.4407 55.4139 78.4104 100.643 137.266 179.592 179.497 138.98 115.79 131.534 125.892 127.164 125.685 115.149 120.898 206.16 223.7 210.796 194.65 206.338 190.564 161.85 155.97 139.977 120.029 113.566 113.662 118.286 142.524 149.789 142.806 150.23
81.7533 95.5328 83.5527 75.3613 77.9643 89.8711 92.3186 90.2881 288.287 275.891 274.254 280.365 267.542 268.5 262.497 267.368 272.589 288.998 279.456 282.314 289.62 271.981 238.776 269.368 355.612 343.953 229.429 170.628 163.923 159.003 166.402 169.554 127.798 67.2016 61.4838 37.6031 27.4027 40.1804 38.4229 42.2624 48.6574 70.5715 95.914 127.519 178.574 161.127 117.967 108.466 99.0904 72.2374 87.1945 59.3873 90.9552 147.067 222.619 220.368 207.907 173.685 170.066 171.143 168.506 155.691 139.361 128.056 126.462 125.975 140.438 153.358 153.172 148.47
111.363 140.241 118.738 89.1757 94.9288 95.2419 96.7068 88.7086 264.135 256.303 261.65 273.59 297.954 309.782 318.513 307.591 303.067 310.465 302.381 272.038 254.526 226.544 201.739 208.933 238.376 319.716 134.08 157.759 168.119 155.701 154.202 164.937 193.138 208.657 151.417 261.142 46.0399 29.2747 37.4312 43.9777 42.5437 56.4377 58.3064 85.3405 127.097 154.949 137.889 86.1898 50.4967 47.4124 46.7483 49.3262 67.4436 115.61 213.261 212.534 193.425 186.977 169.855 151.725 160.652 163.55 147.541 134.469 136.909 141.383 138.253 145.919 152.879 156.017
123.226 127.923 121.492 105.656 96.6375 91.7476 92.8831 91.4843 293.19 284.236 285.825 279.291 273.961 278.245 302.088 317.608 311.471 308.394 307.208 220.557 211.013 228.389 211.363 226.408 240.643 207.286 124.81 140.915 143.49 130.695 125.649 140.96 216.036 206.735 161.589 171.47 221.131 346.445 56.3296 44.9627 45.5677 46.915 53.3463 63.3158 55.4201 97.1324 37.8994 5.94452 18.2498 29.1254 35.0773 53.73 62.5767 66.5274 169.37 164.547 178.107 180.711 158.288 159.84 167.115 157.358 157.591 151.172 135.755 143.955 145.294 140.573 148.654 146.885
114.609 113.376 112.221 111.353 96.0826 85.5339 85.9189 90.5629 273.628 275.193 276.852 272.745 256.779 268.022 262.76 278.291 258.875 222.293 155.282 179.317 230.795 239.148 211.765 229.973 243.437 219.139 119.392 142.677 149.502 150.398 133.54 131.243 142.41 184.978 185.883 152.281 209.161 215.96 146.996 56.3378 65.6654 63.7805 66.0077 47.036 44.0967 29.3174 359.026 7.39487 350.341 2.70165 33.0968 53.2432 58.916 56.5485 93.5228 159.949 150.814 142.676 146.278 152.365 174.205 159.553 145.106 152.125 142.941 136.013 144.56 144.062 142.222 141.156
105.395 93.9118 105.601 106.303 102.458 87.556 87.7892 83.9982 272.487 245.671 252.213 266.897 281.26 288.946 286.772 269.601 202.788 197.886 187.047 209.411 267.529 231.103 217.644 243.603 256.243 232.038 131.42 142.511 142.184 143.194 145.936 162.309 150.354 178.213 207.723 155.543 181.663 213.566 208.54 137.194 64.3063 56.2028 49.248 23.0968 24.8137 5.22413 357.318 350.836 341.596 9.02484 44.5594 61.5221 57.0636 63.2859 69.6682 78.2855 130.503 130.976 112.815 123.648 148.546 157.288 142.274 130.607 129.395 124.028 112.438 133.857 138.165 135.007
102.8 99.6835 109.836 113.552 105.926 101.977 90.4477 72.1696 27.6165 254.258 264.744 281.794 278.563 257.977 263.992 195.2 167.536 208.36 211.646 247.963 272.579 205.605 254.573 267.041 282.015 277.964 110.413 127.359 136.16 140.182 114.614 120.283 146.737 176.779 179.937 170.576 206.065 204.888 210.895 215.178 157.5 53.5686 19.1686 9.52987 11.1526 355.439 352.921 343.145 340.542 59.0318 54.9926 52.5182 55.1125 56.162 54.2043 46.9331 86.0138 115.819 111.01 95.6512 86.2589 90.1087 95.1563 98.7462 113.502 111.317 96.6069 104.651 99.4757 22.9012
93.9473 112.21 114.551 103.49 92.3956 91.4571 83.3919 70.5525 57.6036 290.282 275.403 268.569 252.159 237.975 227.175 192.464 192.061 217.106 222.94 264.692 241.83 218.519 248.157 279.224 287.294 327.618 97.3553 124.293 126.745 155.589 151.678 115.928 129.69 170.78 207.516 168.081 154.856 178.843 192.922 212.682 216.795 268.009 351.346 341.544 1.84292 28.8775 296.191 26.6207 119.94 159.668 123.099 61.3774 58.8952 49.9495 42.5127 57.3802 66.8938 69.5141 76.9227 40.7935 34.7394 51.6177 72.4021 91.6864 84.8094 59.1319 86.7171 69.1065 359.295 14.0863
72.459 61.0952 57.4332 51.3683 70.9319 67.016 72.8209 68.8143 17.4226 293.368 274.989 247.899 243.611 242.324 230.661 207.611 206.495 241.144 236.326 257.903 229.857 226.84 256.302 254.416 249.31 163.275 101.35 109.865 126.268 133.339 159.432 126.261 116.079 171.285 202.253 189.775 183.185 156.916 165.699 218.535 228.663 244.31 266.286 35.9757 115.044 143.821 205.903 171.429 138.548 152.864 182.651 159.399 51.4816 40.255 48.2862 58.7618 61.7254 56.2721 37.8649 35.5406 48.7944 56.6081 62.8489 74.7477 37.1382 39.254 46.9493 37.4564 11.1608 324.799
45.1057 22.5831 30.3481 36.005 55.1266 65.6785 64.1764 47.6151 19.5329 313.001 275.896 258.925 246.526 265.749 272.263 236.982 265.204 297.135 273.569 256.731 240.725 269.681 276.084 244.761 246.182 216.477 111.308 111.762 111.454 112.551 139.474 130.944 79.9442 99.6036 168.393 175.409 138.72 152.066 191.668 219.045 228.066 232.956 231.896 176.617 100.983 41.9534 80.6434 139.56 138.703 159.052 170.312 206.734 211.931 61.8938 75.3168 65.4968 67.7144 46.7037 50.8048 43.8886 47.6176 47.3458 61.6917 49.0326 22.0535 49.4165 54.3676 55.5974 357.611 340.987
29.5702 24.2854 31.4081 41.0245 55.0233 59.5069 58.4022 39.851 21.5953 351.237 290.967 273.189 266.812 284.514 275.526 311.464 306.92 309.965 314.017 294.845 267.492 282.031 296.839 297.994 291.959 317.935 77.5482 114.114 111.383 110.461 115.963 110.557 88.8064 60.5403 40.2851 116.694 121.511 77.9526 159.807 207.813 224.594 225.837 213.915 193.076 214.886 121.343 67.3776 64.224 87.2882 105.885 154.63 165.403 199.723 158.424 72.3558 72.9864 65.4628 58.1696 62.9751 75.3358 85.8517 97.3452 90.2432 55.7499 67.4512 111.473 98.7611 357.325 321.511 338.776
20.8843 26.3068 25.0123 54.1835 57.825 67.3906 54.8914 23.1966 15.4044 17.8137 334.736 282.165 279.63 271.98 251.45 290.772 316.663 342.967 336.019 328.087 317.634 302.509 301.072 300.209 285.225 184.243 72.5952 84.8989 103.482 100.787 89.7684 83.6551 99.2842 39.8617 60.0507 76.9393 59.4378 48.5319 84.1111 169.404 214.431 215.986 207.138 199.438 198.229 201.786 190.042 107.864 89.4362 89.2308 98.102 119.695 129.853 194.358 106.592 94.238 90.2818 95.0541 102.682 112.961 123.122 119.725 105.404 109.634 116.474 115.28 44.3781 325.46 310.666 321.867
25.1829 3.37498 39.2021 69.6568 65.9841 55.2397 20.3512 9.09405 4.07177 18.5833 19.6115 280.007 267.254 241.489 241.017 277.883 285.932 289.422 328.865 347.037 339.162 305.485 271.664 244.89 189.717 193.471 135.81 72.458 79.371 73.0474 68.2017 87.2939 97.7599 39.9214 137.932 81.5251 76.2498 85.9658 69.1412 99.7588 197.661 207.907 202.439 196.626 196.11 196.631 179.379 169.292 112.892 112.546 135.358 163.071 148.182 145.905 148.372 118.159 106.08 111.349 112.905 114.836 105.317 59.8072 87.4751 85.679 94.6992 11.6698 348.019 323.931 308.687 308.523
53.5353 50.1655 87.6356 76.99 61.7814 8.62682 6.64964 25.4994 15.0069 22.6475 48.1909 352.753 254.739 232.208 247.211 259.107 238.723 232.225 252.6 271.183 202.471 147.813 199.88 194.565 189.904 210.472 209.438 35.3666 63.1156 65.8892 47.827 61.6699 39.0478 112.66 132.253 140.486 110.842 46.0307 79.4704 91.531 130.59 190.232 198.511 194.724 195.299 189.809 177.853 189.884 174.897 123.341 151.562 163.444 178.205 155.684 140.669 124.131 109.341 93.7683 72.7167 82.9936 46.7819 63.74 86.9538 64.3407 56.4748 42.7705 38.2257 299.937 294.235 309.599
82.9776 135.418 124.378 72.8768 25.7583 345.985 14.0739 29.2609 23.1772 59.0333 60.4293 23.571 301.84 266.198 267.073 247.199 238.591 264.878 240.389 209.399 181.084 205.213 241.608 205.851 194.721 228.957 247.712 297.782 54.6751 53.6275 44.8059 53.9353 52.3435 102.159 101.367 153.033 180.412 84.2953 88.9508 85.8158 107.101 158.126 190.191 185.491 185.771 181.81 176.445 177.087 189.502 166.425 138.381 160.059 164.977 168.357 156.079 129.628 101.077 84.2225 62.3774 74.5848 56.4224 104.56 59.2077 48.8211 73.869 72.4184 10.0024 310.529 299.665 297.442
94.4386 92.792 65.2936 38.5209 6.80796 345.69 48.0727 41.6113 47.941 73.226 52.2977 35.1122 332.06 303.869 296.518 277.335 272.819 274.667 247.268 217.106 214.957 241.369 318.989 18.8474 277.996 269.099 252.746 225.22 46.7183 51.106 44.1346 32.4865 53.6445 71.6247 91.2122 101.386 71.3541 172.17 95.8437 64.7952 89.0981 125.581 142.693 165.127 183.709 184.968 173.811 171.668 180.662 184.435 170.229 159.218 154.892 164.225 169.254 155.613 123.391 109.468 92.4137 104.945 109.298 106.45 18.0464 67.3187 81.9982 32.4582 332.006 303.44 296.963 286.337
77.8312 66.567 43.4229 51.5183 37.5521 8.80557 145.217 70.4945 76.4274 70.1258 60.826 43.9215 331.665 308.529 307.509 304.458 300.147 286.966 292.523 206.021 241.289 269.391 276.379 30.6268 341.828 302.596 248.607 256.006 302.059 23.1955 36.3751 39.3422 84.9656 71.7472 81.9135 177.43 140 133.953 155.565 75.3357 70.6732 85.4744 109.034 109.919 137.2 163.955 172.515 185.441 182.52 173.885 170.435 160.974 154.829 157.989 176.6 181.137 167.318 156.341 136.925 118.667 133.815 49.0559 9.92424 79.3261 35.5259 351.594 347.906 322.049 294.17 291.835
61.4932 57.5271 68.5292 46.7851 35.902 49.2814 101.217 123.015 115.776 87.5238 78.9236 10.9582 328.328 317.202 320.888 316.777 319.881 337.255 37.2546 301.149 297.826 297.146 231.825 207.546 236.712 313.646 294.056 299.133 311.437 16.4654 60.4035 74.9035 87.7583 81.3023 84.6835 95.9664 150.315 163.776 169.804 139.006 69.0056 48.4105 46.662 57.4851 48.6569 73.2294 143.09 148.833 171.576 189.207 168.884 153.326 151.077 153.711 171.787 172.185 165.275 158.609 151.586 134.26 7.89147 319.566 10.511 41.3074 3.70754 348.478 353.832 330.675 297.17 297.34
43.4339 44.0477 27.3455 36.4736 54.2137 104.178 79.7892 79.9197 86.4789 88.3102 42.5079 336.061 316.717 309.109 320.067 319.738 328.857 21.2534 18.9786 338.116 297.333 266.031 206.11 269.063 310.985 322.029 321.421 298.639 295.399 77.5239 96.5702 96.1568 84.9046 98.0173 91.6525 49.5582 80.9072 120.93 175.819 167.269 67.8702 45.739 58.7592 36.6872 32.8741 63.9449 89.151 118.661 133.368 157.167 146.284 145.5 142.55 77.9022 76.6859 67.8189 115.276 112.238 69.1174 326.379 338.487 354.216 2.9078 21.1686 24.4098 329.754 294.678 341.532 291.2 294.568
43.8121 10.6676 45.2354 73.6825 83.3864 117.122 97.8029 64.1342 73.6057 70.9264 43.2124 311.031 302.073 299.557 298.169 289.106 253.594 228.977 330.255 30.7384 66.6794 224.887 271.943 302.828 326.056 305.29 282.526 221.466 203.699 125.034 93.8532 111.84 111.713 102.183 59.8976 32.3997 60.1124 62.9299 41.6269 154.975 138.941 134.464 95.6081 57.6083 67.0002 68.3576 70.2456 54.9387 34.4567 8.28988 40.1021 38.0841 357.451 358.369 5.83939 16.2292 27.6893 10.8118 2.57084 346.03 339.464 355.234 3.40332 58.0817 43.452 22.8055 269.943 269.101 307.31 286.333
53.879 77.0992 108.02 90.4572 74.3594 84.5955 58.8284 43.1652 79.2551 87.1288 46.9966 301.205 295.365 296.717 256.774 229.695 198.904 201.22 210.398 217.988 287.032 305.256 290.41 305.096 321.916 118.985 178.463 198.692 204.782 179.758 70.9975 79.3061 93.251 76.1952 359.659 37.495 53.1534 48.326 41.5721 50.0657 113.957 130.514 102.153 130.315 67.9436 76.3311 55.7401 34.5786 7.40302 354.21 9.15762 12.2704 352.605 348.043 9.06668 20.0575 9.12206 6.08173 14.8203 7.61595 336.05 348.59 78.6239 87.4183 30.2479 38.2623 329.164 257.889 280.29 278.376
75.6872 83.9369 82.3079 44.154 61.6779 53.3213 30.7606 46.7064 67.4018 68.0721 351.066 311.92 289.718 273.565 234.725 238.36 316.171 304.891 291.954 322.585 333.328 316.733 301.485 323.815 95.9829 116.614 152.889 207.982 212.241 219.572 141.486 50.5362 46.8114 33.1746 18.2812 343.916 33.3101 26.1467 19.7024 42.7613 73.0729 60.2762 44.6266 9.62992 16.1384 35.9082 21.2092 351.836 3.6483 15.3651 4.23295 5.42479 355.173 353.962 11.9258 0.828116 358.667 14.4481 25.5255 5.45775 17.0565 102.932 117.402 68.4105 19.9498 27.7434 1.88993 299.708 276.179 274.869
96.2688 87.8338 64.6207 90.574 84.7613 57.4739 48.9144 49.758 75.3183 18.2561 334.895 334.652 292.331 236.148 246.926 264.993 296.297 337.714 330.581 328.901 336.645 327.897 302.833 297.282 93.5402 92.9731 121.136 164.938 203.778 220.607 225.548 9.20393 37.3196 33.9306 18.7682 354.206 341.614 10.3797 38.4916 48.4278 57.9815 25.5382 5.02853 347.422 356.796 19.7667 5.50912 354.244 12.7106 353.376 339.94 6.07107 36.7873 25.5333 3.26255 3.51067 354.784 36.4176 83.0234 76.4769 115.916 115.485 116.177 276.387 311.48 18.4644 349.866 325.161 288.756 276.954
102.069 137.617 75.9109 88.8631 131.147 81.6031 51.4593 85.9551 94.6542 318.931 310.385 332.195 353.311 290.773 287.284 293.963 294.424 315.478 327.404 334.593 327.433 317.936 286.284 172.944 116.375 96.015 118.766 152.154 185.369 220.799 249.665 251.638 46.4759 35.0178 9.40651 347.195 326.247 18.2838 42.0662 44.5034 40.3491 5.2311 358.269 347.429 5.30564 33.5667 4.54455 359.995 354.624 333.499 340.273 55.4892 51.404 16.6462 27.0331 63.9136 84.2069 102.738 95.6774 102.899 103.696 99.6104 59.125 325.478 295.97 333.034 329.079 343.569 282.95 265.143
86.4491 86.5569 42.4973 70.583 79.3531 25.8236 48.8863 76.5829 73.5134 294.48 261.231 301.018 327.432 331.14 323.496 321.367 314.074 319.252 323.618 326.111 347.569 115.767 160.71 180.465 157.061 122.054 122.247 -9999 -9999 223.915 239.826 224.915 209.27 128.951 45.9788 68.3335 215.95 182.05 56.6736 49.0813 35.2926 7.51361 347.264 1.98546 45.1594 23.4407 346.597 349.981 346.479 330.306 98.7968 105.684 77.4435 97.4239 84.0319 75.2315 49.0974 34.9131 56.4001 73.0314 79.0746 33.6788 13.8333 358.547 319.95 323.949 355.014 35.5808 331.466 247.288
60.2318 19.5528 65.9613 103.786 61.28 44.7561 63.5882 52.9693 27.3879 7.60997 299.053 292.319 309.272 303.476 307.622 314.17 297.352 280.98 305.082 322.586 37.2583 102.122 127.21 166.147 156.432 139.449 -9999 -9999 -9999 231.871 226.498 211.965 193.103 194.228 174.272 144.777 167.518 199.492 215.886 8.06216 15.7267 3.49991 354.344 30.5516 46.531 355.465 340.671 354.432 16.3143 83.3726 122.287 115.256 102.752 97.53 36.6575 44.3447 50.0913 69.3619 85.2522 78.8511 26.3013 342.427 350.966 7.14358 350.956 328.118 6.58354 59.2443 55.2559 277.296
44.2271 48.3682 60.0651 66.9634 43.7975 13.406 5.13438 5.30587 7.23876 9.11718 348.303 322.86 332.728 311.98 300.894 322.956 318.997 241.58 244.7 261.782 123.075 93.3025 87.9613 134.438 149.116 -9999 -9999 -9999 -9999 -9999 223.445 213.753 203.262 191.217 171.606 153.536 151.074 196.351 239.223 252.227 16.8457 33.57 82.0135 75.3612 16.2835 350.183 352.146 55.9677 105.145 121.802 96.7731 81.5732 65.4873 32.9842 45.9403 57.9271 77.1204 93.5646 102.739 44.8673 341.845 357.09 3.97337 358.158 344.604 327.786 30.2057 75.2427 23.6989 314.88
45.0634 48.7558 44.4397 43.9771 10.4302 359.036 3.92409 16.7103 13.2365 343.246 334.54 333.867 345.313 339.708 317.636 330.889 13.2028 356.568 268.978 214.533 163.819 117.398 108.275 119.947 -9999 -9999 -9999 -9999 -9999 -9999 -9999 -9999 -9999 -9999 172.119 162.084 165.761 188.102 219.717 222.682 192.231 161.449 185.051 225.674 320.632 353.611 94.5104 97.3776 98.2924 124.086 122.587 94.0787 62.0948 70.5339 46.9585 94.8119 76.0343 80.6989 57.6731 357.947 339.737 326.161 342.279 357.456 347.155 358.322 102.235 72.8885 336.904 306.608
41.9758 38.9025 39.8307 11.9149 1.86394 5.69749 355.276 357.063 3.44554 351.28 333.321 327.11 330.494 342.685 312.912 330.082 11.9641 12.1622 111.606 159.934 181.307 142.7 122.08 -9999 -9999 -9999 -9999 -9999 -9999 -9999 -9999 -9999 -9999 -9999 -9999 -9999 -9999 -9999 210.167 211.199 196.89 183.905 195.144 219.64 220.523 161.936 164.493 105.724 69.0176 83.773 70.5157 46.3304 35.7479 27.8008 26.4289 32.0742 55.8162 49.314 4.37659 355.61 352.156 330.623 345.996 358.742 17.1001 78.4545 98.6673 36.467 339.072 278.882
42.8139 35.1815 22.5653 345.464 340.638 5.19278 5.03224 342.785 0.94327 353.77 317.502 356.705 332.622 286.632 265.053 225.853 125.649 134.651 140.475 146.525 157.616 150.926 -9999 -9999 -9999 -9999 -9999 -9999 -9999 -9999 -9999 -9999 -9999 -9999 -9999 -9999 -9999 -9999 -9999 -9999 -9999 -9999 199.563 208.717 202.704 183.558 168.132 184.615 54.7716 47.2849 16.7863 11.4939 5.52413 8.93184 4.89037 27.508 60.125 23.6312 8.57442 3.71402 345.782 330.392 2.32743 65.4538 31.6455 58.6751 68.2671 22.4167 0.710352 291.4
