input_data/wasim/wasim_run1/input/alm.intern.cx
ncols	135
nrows	130
xllcorner	22597.500000
yllcorner	185062.500000
cellsize	100.000000
nodata_value	-9999.000000
[rows 31 to 61 of 130, columns 0 to 70 of 135]
-9999 -9999 -9999 -9999 -9999 -9999 -9999 -9999 -9999 -9999 -9999 -9999 -9999 -9999 -9999 -9999 -9999 -9999 -9999 -9999 -9999 -9999 -9999 -9999 -9999 -9999 -9999 -9999 25397.5 25497.5 25597.5 25697.5 25797.5 25897.5 25997.5 26097.5 26197.5 26297.5 26397.5 26497.5 26597.5 26697.5 26797.5 26897.5 26997.5 27097.5 27197.5 27297.5 27397.5 27497.5 27597.5 27697.5 27797.5 27897.5 27997.5 28097.5 28197.5 28297.5 28397.5 28497.5 28597.5 28697.5 28797.5 28897.5 28997.5 29097.5 29197.5 29297.5 29397.5 29497.5 29597.5
-9999 -9999 -9999 -9999 -9999 -9999 -9999 -9999 -9999 -9999 -9999 -9999 -9999 -9999 -9999 -9999 -9999 -9999 -9999 -9999 -9999 -9999 -9999 -9999 -9999 -9999 -9999 -9999 25397.5 25497.5 25597.5 25697.5 25797.5 25897.5 25997.5 26097.5 26197.5 26297.5 26397.5 26497.5 26597.5 26697.5 26797.5 26897.5 26997.5 27097.5 27197.5 27297.5 27397.5 27497.5 27597.5 27697.5 27797.5 27897.5 27997.5 28097.5 28197.5 28297.5 28397.5 28497.5 28597.5 28697.5 28797.5 28897.5 28997.5 29097.5 29197.5 29297.5 29397.5 29497.5 29597.5
-9999 -9999 -9999 -9999 -9999 -9999 -9999 -9999 -9999 -9999 -9999 -9999 -9999 -9999 -9999 -9999 -9999 -9999 -9999 -9999 -9999 -9999 -9999 -9999 -9999 -9999 -9999 25297.5 25397.5 25497.5 25597.5 25697.5 25797.5 25897.5 25997.5 26097.5 26197.5 26297.5 26397.5 26497.5 26597.5 26697.5 26797.5 26897.5 26997.5 27097.5 27197.5 27297.5 27397.5 27497.5 27597.5 27697.5 27797.5 27897.5 27997.5 28097.5 28197.5 28297.5 28397.5 28497.5 28597.5 28697.5 28797.5 28897.5 28997.5 29097.5 29197.5 29297.5 29397.5 29497.5 29597.5
-9999 -9999 -9999 -9999 -9999 -9999 -9999 -9999 -9999 -9999 -9999 -9999 -9999 -9999 -9999 -9999 -9999 -9999 -9999 -9999 -9999 -9999 -9999 -9999 -9999 -9999 25197.5 25297.5 25397.5 25497.5 25597.5 25697.5 25797.5 25897.5 25997.5 26097.5 26197.5 26297.5 26397.5 26497.5 26597.5 26697.5 26797.5 26897.5 26997.5 27097.5 27197.5 27297.5 27397.5 27497.5 27597.5 27697.5 27797.5 27897.5 27997.5 28097.5 28197.5 28297.5 28397.5 28497.5 28597.5 28697.5 28797.5 28897.5 28997.5 29097.5 29197.5 29297.5 29397.5 29497.5 29597.5
-9999 -9999 -9999 -9999 -9999 -9999 -9999 -9999 -9999 -9999 -9999 -9999 -9999 -9999 -9999 -9999 -9999 -9999 -9999 -9999 -9999 -9999 -9999 -9999 -9999 -9999 25197.5 25297.5 25397.5 25497.5 25597.5 25697.5 25797.5 25897.5 25997.5 26097.5 26197.5 26297.5 26397.5 26497.5 26597.5 26697.5 26797.5 26897.5 26997.5 27097.5 27197.5 27297.5 27397.5 27497.5 27597.5 27697.5 27797.5 27897.5 27997.5 28097.5 28197.5 28297.5 28397.5 28497.5 28597.5 28697.5 28797.5 28897.5 28997.5 29097.5 29197.5 29297.5 29397.5 29497.5 29597.5
-9999 -9999 -9999 -9999 -9999 -9999 -9999 -9999 -9999 -9999 -9999 -9999 -9999 -9999 -9999 -9999 -9999 -9999 -9999 -9999 -9999 -9999 -9999 -9999 -9999 -9999 25197.5 25297.5 25397.5 25497.5 25597.5 25697.5 25797.5 25897.5 25997.5 26097.5 26197.5 26297.5 26397.5 26497.5 26597.5 26697.5 26797.5 26897.5 26997.5 27097.5 27197.5 27297.5 27397.5 27497.5 27597.5 27697.5 27797.5 27897.5 27997.5 28097.5 28197.5 28297.5 28397.5 28497.5 28597.5 28697.5 28797.5 28897.5 28997.5 29097.5 29197.5 29297.5 29397.5 29497.5 29597.5
-9999 -9999 -9999 -9999 -9999 -9999 -9999 -9999 -9999 -9999 -9999 -9999 -9999 -9999 -9999 -9999 -9999 -9999 -9999 -9999 -9999 -9999 -9999 -9999 -9999 -9999 25197.5 25297.5 25397.5 25497.5 25597.5 25697.5 25797.5 25897.5 25997.5 26097.5 26197.5 26297.5 26397.5 26497.5 26597.5 26697.5 26797.5 26897.5 26997.5 27097.5 27197.5 27297.5 27397.5 27497.5 27597.5 27697.5 27797.5 27897.5 27997.5 28097.5 28197.5 28297.5 28397.5 28497.5 28597.5 28697.5 28797.5 28897.5 28997.5 29097.5 29197.5 29297.5 29397.5 29497.5 29597.5
-9999 -9999 -9999 -9999 -9999 -9999 -9999 -9999 -9999 -9999 -9999 -9999 -9999 -9999 -9999 -9999 -9999 -9999 -9999 -9999 -9999 -9999 -9999 -9999 -9999 -9999 25197.5 25297.5 25397.5 25497.5 25597.5 25697.5 25797.5 25897.5 25997.5 26097.5 26197.5 26297.5 26397.5 26497.5 26597.5 26697.5 26797.5 26897.5 26997.5 27097.5 27197.5 27297.5 27397.5 27497.5 27597.5 27697.5 27797.5 27897.5 27997.5 28097.5 28197.5 28297.5 28397.5 28497.5 28597.5 28697.5 28797.5 28897.5 28997.5 29097.5 29197.5 29297.5 29397.5 29497.5 29597.5
-9999 -9999 -9999 -9999 -9999 -9999 -9999 -9999 -9999 -9999 -9999 -9999 -9999 -9999 -9999 -9999 -9999 -9999 -9999 -9999 -9999 -9999 -9999 -9999 -9999 -9999 25197.5 25297.5 25397.5 25497.5 25597.5 25697.5 25797.5 25897.5 25997.5 26097.5 26197.5 26297.5 26397.5 26497.5 26597.5 26697.5 26797.5 26897.5 26997.5 27097.5 27197.5 27297.5 27397.5 27497.5 27597.5 27697.5 27797.5 27897.5 27997.5 28097.5 28197.5 28297.5 28397.5 28497.5 28597.5 28697.5 28797.5 28897.5 28997.5 29097.5 29197.5 29297.5 29397.5 29497.5 29597.5
-9999 -9999 -9999 -9999 -9999 -9999 -9999 -9999 -9999 -9999 -9999 -9999 -9999 -9999 -9999 -9999 -9999 -9999 -9999 -9999 -9999 -9999 -9999 -9999 -9999 -9999 25197.5 25297.5 25397.5 25497.5 25597.5 25697.5 25797.5 25897.5 25997.5 26097.5 26197.5 26297.5 26397.5 26497.5 26597.5 26697.5 26797.5 26897.5 26997.5 27097.5 27197.5 27297.5 27397.5 27497.5 27597.5 27697.5 27797.5 27897.5 27997.5 28097.5 28197.5 28297.5 28397.5 28497.5 28597.5 28697.5 28797.5 28897.5 28997.5 29097.5 29197.5 29297.5 29397.5 29497.5 29597.5
-9999 -9999 -9999 -9999 -9999 -9999 -9999 -9999 -9999 -9999 -9999 -9999 -9999 -9999 -9999 -9999 -9999 -9999 -9999 -9999 -9999 -9999 -9999 -9999 -9999 -9999 25197.5 25297.5 25397.5 25497.5 25597.5 25697.5 25797.5 25897.5 25997.5 26097.5 26197.5 26297.5 26397.5 26497.5 26597.5 26697.5 26797.5 26897.5 26997.5 27097.5 27197.5 27297.5 27397.5 27497.5 27597.5 27697.5 27797.5 27897.5 27997.5 28097.5 28197.5 28297.5 28397.5 28497.5 28597.5 28697.5 28797.5 28897.5 28997.5 29097.5 29197.5 29297.5 29397.5 29497.5 29597.5
-9999 -9999 -9999 -9999 -9999 -9999 -9999 -9999 -9999 -9999 -9999 -9999 -9999 -9999 -9999 -9999 -9999 -9999 -9999 -9999 -9999 -9999 -9999 -9999 -9999 -9999 25197.5 25297.5 25397.5 25497.5 25597.5 25697.5 25797.5 25897.5 25997.5 26097.5 26197.5 26297.5 26397.5 26497.5 26597.5 26697.5 26797.5 26897.5 26997.5 27097.5 27197.5 27297.5 27397.5 27497.5 27597.5 27697.5 27797.5 27897.5 27997.5 28097.5 28197.5 28297.5 28397.5 28497.5 28597.5 28697.5 28797.5 28897.5 28997.5 29097.5 29197.5 29297.5 29397.5 29497.5 29597.5
-9999 -9999 -9999 -9999 -9999 -9999 -9999 -9999 -9999 -9999 -9999 -9999 -9999 -9999 -9999 -9999 -9999 -9999 -9999 -9999 -9999 -9999 -9999 -9999 -9999 -9999 25197.5 25297.5 25397.5 25497.5 25597.5 25697.5 25797.5 25897.5 25997.5 26097.5 26197.5 26297.5 26397.5 26497.5 26597.5 26697.5 26797.5 26897.5 26997.5 27097.5 27197.5 27297.5 27397.5 27497.5 27597.5 27697.5 27797.5 27897.5 27997.5 28097.5 28197.5 28297.5 28397.5 28497.5 28597.5 28697.5 28797.5 28897.5 28997.5 29097.5 29197.5 29297.5 29397.5 29497.5 29597.5
-9999 -9999 -9999 -9999 -9999 -9999 -9999 -9999 -9999 -9999 -9999 -9999 -9999 -9999 -9999 -9999 -9999 -9999 -9999 -9999 -9999 -9999 -9999 -9999 -9999 -9999 25197.5 25297.5 25397.5 25497.5 25597.5 25697.5 25797.5 25897.5 25997.5 26097.5 26197.5 26297.5 26397.5 26497.5 26597.5 26697.5 26797.5 26897.5 26997.5 27097.5 27197.5 27297.5 27397.5 27497.5 27597.5 27697.5 27797.5 27897.5 27997.5 28097.5 28197.5 28297.5 28397.5 28497.5 28597.5 28697.5 28797.5 28897.5 28997.5 29097.5 29197.5 29297.5 29397.5 29497.5 29597.5
-9999 -9999 -9999 -9999 -9999 -9999 -9999 -9999 -9999 -9999 -9999 -9999 -9999 -9999 -9999 -9999 -9999 -9999 -9999 -9999 -9999 -9999 -9999 -9999 -9999 -9999 -9999 25297.5 25397.5 25497.5 25597.5 25697.5 25797.5 25897.5 25997.5 26097.5 26197.5 26297.5 26397.5 26497.5 26597.5 26697.5 26797.5 26897.5 26997.5 27097.5 27197.5 27297.5 27397.5 27497.5 27597.5 27697.5 27797.5 27897.5 27997.5 28097.5 28197.5 28297.5 28397.5 28497.5 28597.5 28697.5 28797.5 28897.5 28997.5 29097.5 29197.5 29297.5 29397.5 29497.5 29597.5
-9999 -9999 -9999 -9999 -9999 -9999 -9999 -9999 -9999 -9999 -9999 -9999 -9999 -9999 -9999 -9999 -9999 -9999 -9999 -9999 -9999 -9999 -9999 -9999 -9999 -9999 -9999 -9999 25397.5 25497.5 25597.5 25697.5 25797.5 25897.5 25997.5 26097.5 26197.5 26297.5 26397.5 26497.5 26597.5 26697.5 26797.5 26897.5 26997.5 27097.5 27197.5 27297.5 27397.5 27497.5 27597.5 27697.5 27797.5 27897.5 27997.5 28097.5 28197.5 28297.5 28397.5 28497.5 28597.5 28697.5 28797.5 28897.5 28997.5 29097.5 29197.5 29297.5 29397.5 29497.5 29597.5
-9999 -9999 -9999 -9999 -9999 -9999 -9999 -9999 -9999 -9999 -9999 -9999 -9999 -9999 -9999 -9999 -9999 -9999 -9999 -9999 -9999 -9999 -9999 -9999 -9999 -9999 -9999 -9999 25397.5 25497.5 25597.5 25697.5 25797.5 25897.5 25997.5 26097.5 26197.5 26297.5 26397.5 26497.5 26597.5 26697.5 26797.5 26897.5 26997.5 27097.5 27197.5 27297.5 27397.5 27497.5 27597.5 27697.5 27797.5 27897.5 27997.5 28097.5 28197.5 28297.5 28397.5 28497.5 28597.5 28697.5 28797.5 28897.5 28997.5 29097.5 29197.5 29297.5 29397.5 29497.5 29597.5
-9999 -9999 -9999 -9999 -9999 -9999 -9999 -9999 -9999 -9999 -9999 -9999 -9999 -9999 -9999 -9999 -9999 -9999 -9999 -9999 -9999 -9999 -9999 -9999 -9999 -9999 -9999 -9999 -9999 25497.5 25597.5 25697.5 25797.5 25897.5 25997.5 26097.5 26197.5 26297.5 26397.5 26497.5 26597.5 26697.5 26797.5 26897.5 26997.5 27097.5 27197.5 27297.5 27397.5 27497.5 27597.5 27697.5 27797.5 27897.5 27997.5 28097.5 28197.5 28297.5 28397.5 28497.5 28597.5 28697.5 28797.5 28897.5 28997.5 29097.5 29197.5 29297.5 29397.5 29497.5 29597.5
-9999 -9999 -9999 -9999 -9999 -9999 -9999 -9999 -9999 -9999 -9999 -9999 -9999 -9999 -9999 -9999 -9999 -9999 -9999 -9999 -9999 -9999 -9999 -9999 -9999 -9999 -9999 -9999 -9999 25497.5 25597.5 25697.5 25797.5 25897.5 25997.5 26097.5 26197.5 26297.5 26397.5 26497.5 26597.5 26697.5 26797.5 26897.5 26997.5 27097.5 27197.5 27297.5 27397.5 27497.5 27597.5 27697.5 27797.5 27897.5 27997.5 28097.5 28197.5 28297.5 28397.5 28497.5 28597.5 28697.5 28797.5 28897.5 28997.5 29097.5 29197.5 29297.5 29397.5 29497.5 29597.5
-9999 -9999 -9999 -9999 -9999 -9999 -9999 -9999 -9999 -9999 -9999 -9999 -9999 -9999 -9999 -9999 -9999 -9999 -9999 -9999 -9999 -9999 -9999 -9999 -9999 -9999 -9999 -9999 -9999 25497.5 25597.5 25697.5 25797.5 25897.5 25997.5 26097.5 26197.5 26297.5 26397.5 26497.5 26597.5 26697.5 26797.5 26897.5 26997.5 27097.5 27197.5 27297.5 27397.5 27497.5 27597.5 27697.5 27797.5 27897.5 27997.5 28097.5 28197.5 28297.5 28397.5 28497.5 28597.5 28697.5 28797.5 28897.5 28997.5 29097.5 29197.5 29297.5 29397.5 29497.5 29597.5
-9999 -9999 -9999 -9999 -9999 -9999 -9999 -9999 -9999 -9999 -9999 -9999 -9999 -9999 -9999 -9999 -9999 -9999 -9999 -9999 -9999 -9999 -9999 -9999 -9999 -9999 -9999 -9999 -9999 25497.5 25597.5 25697.5 25797.5 25897.5 25997.5 26097.5 26197.5 26297.5 26397.5 26497.5 26597.5 26697.5 26797.5 26897.5 26997.5 27097.5 27197.5 27297.5 27397.5 27497.5 27597.5 27697.5 27797.5 27897.5 27997.5 28097.5 28197.5 28297.5 28397.5 28497.5 28597.5 28697.5 28797.5 28897.5 28997.5 29097.5 29197.5 29297.5 29397.5 29497.5 29597.5
-9999 -9999 -9999 -9999 -9999 -9999 -9999 -9999 -9999 -9999 -9999 -9999 -9999 -9999 -9999 -9999 -9999 -9999 -9999 -9999 -9999 -9999 -9999 -9999 -9999 -9999 -9999 -9999 -9999 -9999 25597.5 25697.5 25797.5 25897.5 25997.5 26097.5 26197.5 26297.5 26397.5 26497.5 26597.5 26697.5 26797.5 26897.5 26997.5 27097.5 27197.5 27297.5 27397.5 27497.5 27597.5 27697.5 27797.5 27897.5 27997.5 28097.5 28197.5 28297.5 28397.5 28497.5 28597.5 28697.5 28797.5 28897.5 28997.5 29097.5 29197.5 29297.5 29397.5 29497.5 29597.5
-9999 -9999 -9999 -9999 -9999 -9999 -9999 -9999 -9999 -9999 -9999 -9999 -9999 -9999 -9999 -9999 -9999 -9999 -9999 -9999 -9999 -9999 -9999 -9999 -9999 -9999 -9999 -9999 -9999 -9999 25597.5 25697.5 25797.5 25897.5 25997.5 26097.5 26197.5 26297.5 26397.5 26497.5 26597.5 26697.5 26797.5 26897.5 26997.5 27097.5 27197.5 27297.5 27397.5 27497.5 27597.5 27697.5 27797.5 27897.5 27997.5 28097.5 28197.5 28297.5 28397.5 28497.5 28597.5 28697.5 28797.5 28897.5 28997.5 29097.5 29197.5 29297.5 29397.5 29497.5 29597.5
-9999 -9999 -9999 -9999 -9999 -9999 -9999 -9999 -9999 -9999 -9999 -9999 -9999 -9999 -9999 -9999 -9999 -9999 -9999 -9999 -9999 -9999 -9999 -9999 -9999 -9999 -9999 -9999 -9999 -9999 -9999 25697.5 25797.5 25897.5 25997.5 26097.5 26197.5 26297.5 26397.5 26497.5 26597.5 26697.5 26797.5 26897.5 26997.5 27097.5 27197.5 27297.5 27397.5 27497.5 27597.5 27697.5 27797.5 27897.5 27997.5 28097.5 28197.5 28297.5 28397.5 28497.5 28597.5 28697.5 28797.5 28897.5 28997.5 29097.5 29197.5 29297.5 29397.5 29497.5 29597.5
-9999 -9999 -9999 -9999 -9999 -9999 -9999 -9999 -9999 -9999 -9999 -9999 -9999 -9999 -9999 -9999 -9999 -9999 -9999 -9999 -9999 -9999 -9999 -9999 -9999 -9999 -9999 -9999 -9999 -9999 -9999 -9999 25797.5 25897.5 25997.5 26097.5 26197.5 26297.5 26397.5 26497.5 26597.5 26697.5 26797.5 26897.5 26997.5 27097.5 27197.5 27297.5 27397.5 27497.5 27597.5 27697.5 27797.5 27897.5 27997.5 28097.5 28197.5 28297.5 28397.5 28497.5 28597.5 28697.5 28797.5 28897.5 28997.5 29097.5 29197.5 29297.5 29397.5 29497.5 29597.5
-9999 -9999 -9999 -9999 -9999 -9999 -9999 -9999 -9999 -9999 -9999 -9999 -9999 -9999 -9999 -9999 -9999 -9999 -9999 -9999 -9999 -9999 -9999 -9999 -9999 -9999 -9999 -9999 -9999 -9999 -9999 -9999 -9999 -9999 25997.5 26097.5 -9999 -9999 26397.5 26497.5 26597.5 26697.5 26797.5 26897.5 26997.5 27097.5 27197.5 27297.5 27397.5 27497.5 27597.5 27697.5 27797.5 27897.5 27997.5 28097.5 28197.5 28297.5 28397.5 28497.5 28597.5 28697.5 28797.5 28897.5 28997.5 29097.5 29197.5 29297.5 29397.5 29497.5 29597.5
-9999 -9999 -9999 -9999 -9999 -9999 -9999 -9999 -9999 -9999 -9999 -9999 -9999 -9999 -9999 -9999 -9999 -9999 -9999 -9999 -9999 -9999 -9999 -9999 -9999 -9999 -9999 -9999 -9999 -9999 -9999 -9999 -9999 -9999 -9999 -9999 -9999 -9999 -9999 26497.5 26597.5 26697.5 26797.5 26897.5 26997.5 27097.5 27197.5 27297.5 27397.5 27497.5 27597.5 27697.5 27797.5 27897.5 27997.5 28097.5 28197.5 28297.5 28397.5 28497.5 28597.5 28697.5 28797.5 28897.5 28997.5 29097.5 29197.5 29297.5 29397.5 29497.5 29597.5
-9999 -9999 -9999 -9999 -9999 -9999 -9999 -9999 -9999 -9999 -9999 -9999 -9999 -9999 -9999 -9999 -9999 -9999 -9999 -9999 -9999 -9999 -9999 -9999 -9999 -9999 -9999 -9999 -9999 -9999 -9999 -9999 -9999 -9999 -9999 -9999 -9999 -9999 -9999 -9999 26597.5 26697.5 26797.5 26897.5 26997.5 27097.5 27197.5 27297.5 27397.5 27497.5 27597.5 27697.5 27797.5 27897.5 27997.5 28097.5 28197.5 28297.5 28397.5 28497.5 28597.5 28697.5 28797.5 28897.5 28997.5 29097.5 29197.5 29297.5 29397.5 29497.5 29597.5
-9999 -9999 -9999 -9999 -9999 -9999 -9999 -9999 -9999 -9999 -9999 -9999 -9999 -9999 -9999 -9999 -9999 -9999 -9999 -9999 -9999 -9999 -9999 -9999 -9999 -9999 -9999 -9999 -9999 -9999 -9999 -9999 -9999 -9999 -9999 -9999 -9999 -9999 -9999 -9999 -9999 -9999 -9999 -9999 26997.5 27097.5 27197.5 27297.5 27397.5 27497.5 27597.5 27697.5 27797.5 27897.5 27997.5 28097.5 28197.5 28297.5 28397.5 28497.5 28597.5 28697.5 28797.5 28897.5 28997.5 29097.5 29197.5 29297.5 29397.5 29497.5 29597.5
-9999 -9999 -9999 -9999 -9999 -9999 -9999 -9999 -9999 -9999 -9999 -9999 -9999 -9999 -9999 -9999 -9999 -9999 -9999 -9999 -9999 -9999 -9999 -9999 -9999 -9999 -9999 -9999 -9999 -9999 -9999 -9999 -9999 -9999 -9999 -9999 -9999 -9999 -9999 -9999 -9999 -9999 -9999 -9999 -9999 -9999 -9999 27297.5 27397.5 27497.5 27597.5 27697.5 27797.5 27897.5 27997.5 28097.5 28197.5 28297.5 28397.5 28497.5 28597.5 28697.5 28797.5 28897.5 28997.5 29097.5 29197.5 29297.5 29397.5 29497.5 29597.5
-9999 -9999 -9999 -9999 -9999 -9999 -9999 -9999 -9999 -9999 -9999 -9999 -9999 -9999 -9999 -9999 -9999 -9999 -9999 -9999 -9999 -9999 -9999 -9999 -9999 -9999 -9999 -9999 -9999 -9999 -9999 -9999 -9999 -9999 -9999 -9999 -9999 -9999 -9999 -9999 -9999 -9999 -9999 -9999 -9999 -9999 -9999 -9999 27397.5 27497.5 27597.5 27697.5 27797.5 27897.5 27997.5 28097.5 28197.5 28297.5 28397.5 28497.5 28597.5 28697.5 28797.5 28897.5 28997.5 29097.5 29197.5 29297.5 29397.5 29497.5 29597.5
