input_data/wasim/wasim_run1/input/alm.eoc
ncols	135
nrows	130
xllcorner	22597.5
yllcorner	185062.5
cellsize	100
nodata_value	-9999
[rows 0 to 40 of 130, columns 0 to 91 of 135]
128 127 89 67 67 68 126 126 68 125 126 67 90 90 125 126 103 69 67 126 129 67 127 127 68 91 126 127 66 125 124 129 125 67 125 66 124 68 105 125 127 104 68 69 128 89 129 129 91 125 126 68 112 66 128 124 90 128 69 66 69 124 127 69 69 128 68 121 70 66 67 70 70 70 128 125 70 124 100 130 103 66 69 71 121 126 70 69 98 71 114 68
129 99 130 72 73 71 124 73 123 72 122 125 123 118 125 71 120 128 65 123 131 111 128 125 121 73 126 101 72 105 70 127 124 126 130 110 100 119 73 65 126 122 66 115 118 101 69 130 99 106 73 98 130 74 127 131 103 74 124 72 112 71 69 104 102 129 131 71 101 68 125 102 72 73 74 125 70 103 73 134 112 89 113 119 74 72 122 66 110 121 126 102
98 127 73 101 113 106 75 102 113 109 68 120 73 129 125 131 124 71 74 127 126 72 129 123 116 110 108 114 124 108 129 65 104 107 107 99 107 105 74 101 103 106 109 65 73 108 100 128 74 110 101 101 108 117 124 76 133 117 73 72 125 105 111 111 126 111 112 119 124 107 75 71 122 93 130 65 102 90 98 127 101 123 106 76 128 108 126 113 76 119 109 131
135 100 100 114 123 90 101 125 124 109 122 111 121 118 120 125 99 117 94 98 103 116 118 92 77 107 100 111 126 73 97 113 110 74 109 113 104 100 106 74 128 123 130 132 115 73 97 124 113 65 99 76 65 74 91 116 111 118 123 77 120 123 76 77 135 105 114 75 128 108 117 129 122 97 100 112 125 112 101 28 102 75 124 128 112 100 88 69 95 116 97 64
111 126 123 120 73 110 107 112 90 122 133 130 130 107 78 98 111 111 125 75 71 70 78 118 112 121 108 122 112 128 109 121 115 118 122 113 111 122 77 129 112 128 112 78 104 118 119 129 123 122 131 75 127 74 124 116 124 106 125 102 96 109 115 91 114 117 102 101 61 113 70 99 124 127 119 131 94 119 123 112 96 112 129 124 114 121 77 132 128 76 110 95
118 87 63 132 127 74 64 78 95 125 113 79 107 131 121 121 111 124 76 117 65 64 114 130 124 123 102 120 96 117 88 125 132 121 105 115 108 68 96 101 66 126 79 111 112 114 120 115 104 78 115 77 69 109 116 116 116 75 118 89 113 122 111 75 112 103 119 94 101 113 114 114 118 132 121 114 113 127 121 95 75 124 133 124 79 29 80 77 117 124 129 123
127 62 121 115 79 114 29 129 94 134 116 80 121 128 124 109 116 124 114 127 102 124 121 72 111 128 92 112 80 87 93 89 114 117 92 119 77 64 92 124 64 111 125 124 97 96 117 96 124 116 132 118 122 120 126 99 115 108 78 118 118 95 80 118 98 113 93 95 71 119 29 99 118 115 105 125 76 114 116 125 126 119 28 129 116 119 104 106 113 81 132 129
109 116 95 126 124 111 130 80 81 94 124 68 76 81 76 126 115 75 118 126 124 116 123 121 120 117 132 129 76 130 62 114 125 125 114 117 117 114 116 132 122 130 123 117 75 113 104 98 125 103 103 61 93 75 63 112 123 127 126 111 117 94 113 81 88 91 119 67 130 127 116 66 111 109 90 122 122 114 115 128 118 81 92 113 130 102 127 113 110 131 113 134
123 82 130 109 105 126 75 69 135 102 119 111 123 113 77 82 129 126 127 110 129 133 110 104 118 82 112 112 31 121 115 79 124 112 119 121 67 122 125 106 122 133 125 112 97 106 120 105 112 124 133 82 111 119 131 63 104 130 74 76 117 112 105 113 93 81 120 103 120 123 122 133 115 132 105 122 115 117 93 99 133 125 119 117 128 114 126 118 130 77 113 82
122 30 121 96 64 112 130 127 110 101 111 28 114 83 118 119 121 127 111 106 133 128 83 129 120 96 126 105 108 121 127 116 70 134 108 117 110 104 76 129 27 133 122 82 113 118 121 117 126 117 120 120 119 121 131 125 116 110 129 109 83 77 84 118 112 115 118 123 92 110 106 123 61 78 115 97 110 122 117 124 108 127 108 93 115 120 117 120 84 127 126 30
124 76 104 84 131 77 126 133 111 129 118 103 128 121 128 110 123 63 115 64 125 128 101 98 113 122 85 109 122 115 100 120 111 121 85 77 77 109 125 131 115 84 116 107 107 107 129 129 107 77 120 128 109 119 111 108 84 104 130 126 119 72 108 109 116 85 117 113 82 109 126 112 120 117 114 26 109 108 85 83 126 106 115 118 77 122 75 133 132 120 115 119
113 94 106 119 62 125 117 127 114 71 87 116 127 135 117 117 121 123 30 135 122 34 123 84 105 110 84 30 113 59 30 127 108 110 27 63 119 121 97 122 80 111 129 86 125 124 131 112 130 112 126 123 121 127 127 86 123 78 124 113 118 118 113 115 117 86 135 104 107 117 60 121 81 86 121 118 113 125 98 118 86 129 119 120 130 66 109 118 120 111 95 86
59 101 108 108 97 78 111 131 114 106 78 119 98 121 99 28 112 97 28 87 108 87 62 134 89 121 120 76 98 82 113 123 135 111 27 121 120 122 116 119 100 77 127 119 68 116 120 110 111 123 87 124 98 99 99 122 86 119 97 97 110 108 129 116 131 108 79 87 80 116 129 120 101 31 102 134 128 125 32 104 108 128 113 99 131 118 123 87 134 78 134 50
117 126 122 106 80 86 105 109 121 120 132 121 104 88 116 78 122 105 110 117 88 108 131 130 124 109 120 128 110 131 97 96 89 128 130 84 135 96 85 78 88 80 108 67 99 116 127 127 89 101 127 130 112 106 124 96 96 109 129 98 135 120 120 103 131 98 125 62 107 88 29 79 86 121 108 133 110 132 120 123 89 123 121 102 100 94 107 81 129 60 65 102
109 87 109 107 70 132 113 93 123 100 73 81 101 100 89 127 133 95 98 134 96 117 30 129 109 106 107 90 115 124 58 126 122 57 89 101 87 123 99 109 95 89 100 128 88 91 123 121 116 95 77 89 122 88 66 135 122 93 124 89 127 96 114 127 107 123 91 99 124 127 103 113 97 101 122 123 109 128 100 102 112 130 79 124 132 81 92 90 98 130 132 94
126 90 127 104 105 127 90 96 94 102 121 125 80 124 97 91 134 90 127 123 119 107 124 109 121 129 123 96 93 119 128 90 122 35 93 72 108 105 135 49 121 94 100 84 115 95 113 121 89 130 88 112 121 101 87 31 110 117 116 61 106 91 95 118 97 42 131 109 92 121 135 92 103 82 82 68 87 99 81 108 101 108 129 106 130 131 82 96 131 122 120 110
91 94 100 133 124 120 124 116 92 96 127 79 49 67 31 122 124 124 109 105 106 95 128 110 124 109 135 135 123 117 106 134 122 105 86 123 94 92 93 131 45 78 123 131 116 100 103 120 94 122 123 131 91 122 129 134 101 95 61 94 34 119 80 91 101 100 107 115 126 118 97 128 126 132 104 83 122 96 112 76 120 82 118 98 89 81 111 132 102 85 99 92
27 131 95 35 117 125 114 88 109 129 114 78 118 34 122 99 106 105 108 110 123 103 80 131 55 30 123 93 101 86 92 115 66 124 60 122 111 74 122 115 94 132 107 128 121 84 123 96 122 109 102 98 94 133 129 105 132 79 83 26 103 132 110 59 99 56 104 126 132 124 134 98 129 95 115 127 123 121 106 119 33 127 134 118 92 91 117 132 45 126 135 63
114 122 131 131 95 30 113 133 68 118 114 131 32 125 83 113 107 92 123 32 124 106 111 121 32 132 99 132 124 31 122 129 100 93 132 115 101 89 132 134 95 90 84 41 126 84 59 124 114 123 123 115 79 102 107 110 109 56 133 33 124 106 93 103 36 97 122 114 125 56 119 96 33 85 108 135 134 88 110 108 113 49 124 118 91 128 95 37 97 48 94 129
24 125 32 95 112 123 112 130 25 50 124 121 33 133 125 112 91 39 91 93 128 49 126 79 124 94 117 92 65 132 57 134 135 123 111 103 57 56 130 117 114 122 124 100 125 23 80 27 95 87 135 116 127 130 109 119 95 49 125 134 85 131 133 112 100 105 123 111 84 78 26 107 133 102 132 102 119 85 116 81 113 96 107 122 112 130 104 108 126 106 85 112
126 95 111 114 98 43 107 112 130 41 27 33 129 49 88 115 107 90 125 23 94 126 96 53 132 114 131 127 103 113 74 86 130 29 129 133 114 120 111 89 30 100 133 121 134 98 133 99 115 111 106 131 109 83 86 100 55 133 126 115 81 115 126 130 30 96 26 26 87 34 117 122 96 115 110 77 127 80 29 102 123 115 127 118 126 109 128 34 107 132 132 79
99 36 131 25 113 131 26 54 131 92 117 101 67 130 90 110 134 123 117 129 53 133 66 129 48 134 27 84 134 114 135 131 120 81 110 103 87 88 129 128 83 129 127 101 134 111 95 102 115 114 80 122 128 127 42 70 26 113 30 133 133 106 111 57 46 122 135 92 131 86 35 29 127 108 97 37 117 131 118 108 30 97 135 43 120 87 91 109 119 33 114 103
99 80 114 124 97 48 132 116 121 49 114 41 129 25 49 128 96 98 107 52 113 108 72 116 129 44 102 57 51 112 125 133 105 92 110 48 35 116 132 106 107 28 115 48 133 69 108 125 133 101 89 130 50 52 117 100 134 128 104 34 100 132 104 103 102 48 107 112 80 114 112 51 128 84 68 124 113 81 95 49 29 110 129 116 89 114 100 131 117 120 83 113
98 49 97 133 81 133 56 58 134 82 135 116 115 114 86 25 34 96 129 88 132 134 33 127 44 98 133 121 108 130 131 78 106 75 81 119 132 107 129 94 129 95 82 34 114 112 90 115 107 25 103 106 104 59 133 115 135 50 90 76 135 130 114 50 113 51 109 93 117 114 116 121 100 35 101 129 121 122 111 106 116 133 114 27 96 82 121 83 111 33 94 127
50 83 103 98 114 31 120 103 135 134 116 99 131 39 132 130 83 111 134 119 97 42 122 121 99 118 118 114 117 127 121 133 32 100 48 131 102 130 123 27 107 21 101 117 99 48 89 96 46 26 134 37 104 100 99 83 52 113 131 39 112 112 97 98 32 100 54 120 124 30 98 99 124 132 116 134 73 71 113 125 135 132 26 111 113 116 112 130 101 34 51 45
36 105 116 85 118 131 120 131 84 45 30 21 84 27 134 133 122 107 132 119 111 110 116 124 118 112 115 96 120 115 51 134 87 135 47 37 133 108 122 104 133 83 106 135 84 65 35 134 87 135 100 27 105 72 121 100 112 122 133 53 114 115 131 111 134 52 88 111 113 134 103 101 103 27 35 103 53 61 118 100 86 33 94 85 81 98 112 114 128 113 134 45
131 135 20 86 132 125 29 95 102 111 106 28 87 117 134 50 113 84 133 113 112 131 115 134 126 131 93 27 133 60 119 135 85 106 35 133 50 96 124 49 35 113 132 111 110 88 112 121 52 105 113 118 135 103 34 87 86 55 114 33 121 135 27 89 23 135 38 22 134 40 135 54 131 113 105 91 112 32 126 38 51 132 117 115 116 88 128 101 38 117 108 34
50 47 45 132 22 133 120 120 91 116 117 107 52 118 89 28 95 101 82 88 36 89 108 107 55 116 99 100 115 51 67 120 116 84 32 25 59 120 101 32 33 51 93 116 106 77 111 107 119 54 134 35 101 110 127 105 135 58 101 126 113 121 25 135 115 132 37 84 112 89 94 92 46 112 119 119 25 70 90 83 120 51 93 110 88 64 29 96 54 109 104 135
52 94 115 92 49 39 28 40 25 38 114 126 32 132 20 72 47 48 112 133 118 106 110 116 118 53 108 31 90 28 133 113 95 122 73 135 123 120 53 134 26 97 35 104 26 88 107 135 117 22 129 132 73 37 33 99 52 115 48 110 89 41 90 68 109 27 91 119 120 52 25 111 43 109 116 26 103 128 134 115 106 102 100 107 125 90 87 24 132 114 129 62
47 31 133 106 89 86 101 96 120 116 120 102 91 51 106 40 118 105 105 28 126 46 116 128 108 88 60 43 109 44 111 117 101 48 47 95 22 90 119 24 31 132 102 29 127 51 123 126 133 41 115 102 21 98 29 33 114 26 42 52 119 113 120 92 113 111 25 91 20 73 97 132 130 135 23 118 116 47 125 61 69 46 117 102 91 91 53 104 135 128 100 43
44 44 119 133 121 94 96 24 76 26 87 119 45 47 36 129 19 117 118 21 129 113 111 121 111 111 53 119 95 92 30 48 115 109 32 117 39 111 117 27 90 119 45 135 54 29 118 106 116 91 45 108 116 53 92 118 107 132 75 125 32 65 127 118 106 119 118 116 117 52 26 16 97 109 98 93 89 49 55 117 105 16 101 88 133 26 119 135 53 50 124 35
107 28 52 104 128 129 57 17 133 132 27 114 115 106 117 31 24 93 103 103 48 91 86 55 22 36 134 46 123 110 94 116 55 53 118 118 128 122 17 42 103 119 32 57 37 71 110 26 103 117 115 95 39 24 30 116 93 92 132 47 134 29 93 118 24 118 24 96 103 107 114 93 102 54 116 103 118 28 42 33 94 54 97 108 117 23 105 49 31 31 117 26
57 52 28 17 18 117 125 24 105 111 118 35 47 118 111 96 40 94 128 95 125 25 26 110 37 54 29 99 106 118 108 70 85 47 31 28 107 113 133 25 118 124 48 116 133 72 127 92 42 135 94 105 117 48 107 113 40 91 102 50 116 135 104 28 135 95 97 28 42 32 58 29 110 72 117 37 117 118 100 53 103 73 33 105 117 47 101 93 20 47 41 114
31 116 131 36 114 106 51 96 135 125 115 67 32 104 34 116 126 98 46 131 21 45 39 61 60 128 88 43 19 126 66 116 127 118 89 46 118 107 101 123 131 101 126 25 55 122 50 125 33 116 47 41 97 28 40 17 96 94 128 48 105 134 19 134 21 41 24 132 96 44 25 107 48 55 105 110 134 127 130 56 23 55 93 114 107 104 95 56 104 110 38 22
115 50 38 17 135 98 86 24 43 115 125 117 97 55 116 27 105 49 133 81 95 29 112 35 109 36 106 109 57 36 104 53 59 95 47 111 96 115 97 105 110 119 40 113 104 96 19 25 97 43 134 108 56 105 115 119 125 37 18 31 30 28 119 46 100 118 48 112 23 28 32 98 91 117 97 117 107 48 134 39 119 32 29 115 55 123 133 97 101 110 104 117
98 114 99 116 22 42 105 54 111 116 35 95 128 126 98 56 71 110 18 58 51 15 94 97 30 31 32 37 112 93 38 117 47 113 23 23 45 109 116 98 107 98 48 132 117 39 69 36 15 83 27 45 111 116 51 80 99 108 117 40 71 29 120 36 48 107 77 109 53 42 106 99 30 135 135 28 105 100 24 110 31 28 104 56 118 28 27 24 99 31 109 98
119 116 100 24 18 103 55 117 36 38 104 133 96 54 111 30 126 41 100 54 30 116 24 27 100 75 134 99 115 22 130 111 25 54 118 27 133 101 135 21 38 46 102 103 113 105 129 118 128 51 54 128 32 33 97 50 100 109 95 41 115 46 115 132 28 26 127 114 26 108 104 98 36 105 29 31 100 126 55 105 99 17 65 105 25 115 102 31 100 101 22 135
73 60 116 57 110 106 46 29 117 93 104 38 134 127 38 64 124 122 106 126 135 61 42 25 56 58 29 101 101 109 71 89 26 86 29 116 101 49 34 47 43 135 112 106 110 27 44 54 105 102 39 115 110 108 22 28 62 91 116 15 48 55 115 103 99 39 129 42 30 27 56 57 44 32 32 55 19 34 102 49 134 52 113 52 29 115 48 115 98 107 107 123
53 57 58 43 50 39 114 97 134 127 96 32 15 21 41 101 79 54 105 37 104 112 70 29 21 26 69 132 29 43 17 56 22 106 103 56 55 106 15 105 115 14 116 120 55 135 37 49 119 23 130 97 103 104 102 103 49 115 25 115 49 46 134 93 126 50 95 68 115 130 84 42 45 42 103 29 130 103 41 31 30 37 31 50 103 49 114 54 92 26 19 31
37 51 98 16 42 33 132 56 70 48 123 70 117 56 104 21 106 119 94 100 114 36 28 101 57 104 114 39 118 16 20 105 117 19 118 106 104 39 105 106 129 85 107 30 31 33 135 135 47 26 57 115 31 125 133 37 116 111 105 125 108 122 51 27 122 47 24 116 99 101 37 132 28 57 48 38 99 118 26 120 120 60 114 97 41 45 95 24 56 114 29 40
40 57 109 119 99 98 49 115 43 109 35 104 109 121 56 17 33 130 44 114 115 37 32 58 50 32 62 134 114 40 119 35 66 1 90 45 27 126 56 105 109 22 38 119 49 21 53 105 29 95 74 14 58 23 47 104 125 59 133 96 114 56 58 52 24 65 30 106 38 58 33 38 28 68 103 100 103 47 30 52 23 6 132 59 59 44 106 125 135 78 75 105
