input_data/wasim/wasim_run1/input/alm.eoc
ncols	135
nrows	130
xllcorner	22597.5
yllcorner	185062.5
cellsize	100
nodata_value	-9999
[rows 41 to 81 of 130, columns 0 to 91 of 135]
33 70 53 117 28 115 25 36 45 24 57 3 20 27 68 99 134 56 23 128 2 122 101 18 37 102 49 115 37 100 103 60 53 20 67 110 98 126 91 45 132 57 128 111 23 50 48 97 119 34 128 16 124 36 25 107 32 31 92 106 133 33 43 108 133 22 48 26 107 60 130 56 51 17 116 38 108 49 54 102 54 81 114 96 26 127 98 69 40 104 39 107
23 29 111 44 107 124 102 27 17 34 39 37 43 18 123 32 104 114 113 57 77 51 118 112 104 73 59 115 98 65 35 38 24 113 110 28 38 108 129 106 28 40 106 58 34 23 115 120 97 44 25 38 101 109 134 29 25 46 120 37 31 58 61 119 20 55 34 62 109 121 122 46 134 83 59 107 109 102 30 108 112 133 49 117 104 37 24 25 132 64 101 118
17 20 39 35 104 52 36 25 89 109 106 62 24 18 29 23 32 22 114 86 129 28 27 107 132 107 49 116 61 134 13 110 65 59 117 54 20 41 34 104 101 101 113 131 94 124 25 44 87 135 123 105 107 25 24 39 126 117 43 108 106 39 34 34 101 131 121 4 22 95 20 20 74 125 32 37 57 38 104 58 11 112 122 98 131 124 108 106 127 82 104 103
25 26 135 24 34 61 63 130 120 50 109 33 130 22 42 20 100 14 52 111 29 112 38 24 36 33 46 39 113 104 37 69 59 19 48 26 110 19 29 9 20 108 105 60 41 33 88 17 33 57 57 68 28 115 23 135 60 128 10 51 110 35 120 113 79 100 113 28 28 47 59 47 45 18 103 8 49 103 34 98 119 36 30 101 28 56 103 110 108 25 119 129
40 50 15 112 126 118 50 64 65 62 35 102 129 75 113 72 38 103 61 114 73 122 34 29 122 109 63 21 107 29 131 31 52 56 135 35 102 43 130 102 106 120 99 47 42 103 100 35 30 45 105 111 56 51 132 132 115 50 105 62 130 108 51 22 38 1 26 60 118 101 126 124 33 29 112 103 60 134 34 34 51 112 51 121 61 120 56 104 70 23 35 29
19 96 34 59 27 120 33 51 54 74 28 113 50 22 6 104 47 16 44 112 64 21 110 46 115 106 102 102 125 21 44 52 61 111 61 73 123 106 2 39 43 100 118 67 40 40 99 24 23 106 99 20 51 98 18 12 62 51 30 40 34 28 109 49 66 114 24 21 93 135 123 19 53 132 58 42 102 58 23 35 29 20 32 36 22 66 109 73 52 120 28 21
103 113 36 127 129 15 59 64 68 24 43 59 23 23 41 130 14 104 99 57 49 76 52 112 102 117 62 106 130 105 121 120 122 132 103 133 102 49 129 122 45 44 8 108 106 120 39 60 41 65 52 108 41 113 45 133 51 59 23 50 91 29 133 26 109 116 120 120 39 10 27 35 128 118 40 131 64 37 38 35 36 29 40 59 58 120 60 14 111 49 25 73
39 55 105 105 112 106 104 106 49 74 86 41 119 106 78 12 17 52 109 23 49 109 63 84 99 22 46 41 7 106 73 35 106 101 94 125 121 22 107 67 43 37 22 35 77 14 107 20 28 62 125 103 25 61 57 111 42 37 23 74 54 105 104 106 73 34 130 42 20 61 14 131 94 33 126 123 107 21 126 29 112 27 75 36 119 58 38 36 19 14 54 16
132 123 6 32 107 31 13 102 128 108 108 102 101 58 36 42 37 18 21 65 122 66 30 103 68 51 131 132 120 107 27 101 45 52 5 33 22 109 76 113 55 63 100 102 37 103 105 127 129 131 102 53 38 56 17 18 32 29 33 131 29 21 60 73 109 43 83 18 101 124 107 58 1 112 121 20 108 129 36 107 67 38 21 3 121 53 113 30 37 42 114 23
37 124 21 110 57 34 55 38 24 11 66 20 133 44 28 39 22 104 65 124 40 41 39 42 117 47 60 47 115 29 123 47 42 105 27 50 111 22 4 48 61 54 21 30 102 70 53 51 59 125 38 28 20 37 50 100 121 32 52 66 120 62 109 46 23 63 58 62 129 33 126 25 106 7 36 38 101 105 49 27 105 114 63 122 18 60 22 104 51 48 20 52
38 41 35 109 31 20 89 111 114 100 119 119 58 39 132 53 51 112 22 56 39 113 15 120 20 33 39 21 67 26 53 103 48 106 31 37 107 62 109 110 100 111 106 2 40 128 30 52 46 121 131 22 110 43 114 33 47 45 27 65 69 60 134 27 15 60 21 87 101 61 74 132 122 64 124 103 52 77 30 23 14 80 15 118 40 109 54 59 94 101 104 22
114 72 21 13 107 98 62 109 133 21 19 22 98 105 112 56 44 110 134 31 54 46 113 22 62 123 22 130 37 41 13 19 62 112 112 39 128 130 53 103 109 32 63 59 129 113 101 70 98 31 133 21 88 132 56 133 24 44 126 40 20 102 128 50 51 22 53 121 63 110 103 59 39 66 103 3 18 45 50 37 66 21 120 102 131 75 63 39 21 76 10 100
79 23 113 124 121 33 61 131 53 94 98 119 50 56 65 58 54 18 101 64 106 106 19 116 112 68 36 60 107 47 100 63 22 122 49 43 58 121 108 9 111 60 19 124 135 41 44 44 21 48 41 108 107 102 91 74 19 21 19 63 102 109 59 58 134 46 57 52 52 41 40 97 52 104 134 2 53 103 113 104 105 132 123 31 133 3 18 15 13 34 71 19
111 86 54 17 111 74 77 75 18 40 121 95 56 22 56 41 106 19 126 77 70 98 100 19 135 51 132 125 55 18 14 23 60 31 51 54 31 59 48 5 132 48 55 126 121 2 75 120 17 132 13 32 125 41 104 123 55 104 54 90 135 53 125 117 52 111 63 122 107 50 3 102 51 59 39 24 127 75 99 106 74 113 128 42 58 55 13 23 8 42 21 97
58 127 101 13 103 122 17 72 54 49 9 32 133 115 129 107 4 21 97 64 34 105 64 32 45 4 31 124 130 102 104 40 42 50 66 55 55 52 50 25 61 59 52 101 10 87 64 40 61 67 15 2 112 109 54 99 38 67 127 112 18 64 110 26 101 111 32 39 38 6 76 101 24 108 41 39 110 22 57 119 40 84 35 104 55 122 113 49 7 10 18 93
77 61 56 63 77 71 60 130 99 52 20 53 55 41 65 98 21 16 135 1 62 42 59 12 60 55 53 -9999 -9999 41 101 41 117 40 23 131 70 101 133 102 69 60 72 53 115 56 45 54 108 17 33 102 40 133 42 14 47 20 101 23 129 102 21 123 127 109 123 100 1 22 57 40 78 20 124 53 55 133 75 112 110 118 118 1 110 99 2 17 67 108 34 123
37 73 109 126 46 45 72 5 123 14 110 48 2 48 55 111 65 128 113 96 103 32 109 75 18 122 -9999 -9999 -9999 25 111 20 19 101 109 2 64 66 55 46 129 108 65 108 13 50 47 125 35 106 19 34 16 54 107 72 35 60 119 72 78 22 2 116 51 20 100 17 128 33 110 35 134 112 49 60 110 99 20 41 107 54 135 23 120 123 125 41 108 102 1 18
39 34 109 46 34 110 15 105 105 51 65 59 44 113 35 41 126 47 76 61 93 101 13 127 128 -9999 -9999 -9999 -9999 -9999 110 37 55 46 131 112 3 70 66 62 17 89 132 25 80 125 73 19 65 17 120 56 124 49 46 18 124 42 66 77 130 87 15 101 76 36 103 42 71 15 43 21 51 131 116 61 52 62 111 75 18 36 62 36 72 20 45 109 73 128 16 60
75 56 127 68 15 36 35 134 72 100 134 7 11 21 101 122 44 24 131 17 110 20 59 94 -9999 -9999 -9999 -9999 -9999 -9999 -9999 -9999 -9999 -9999 19 1 123 37 5 61 48 16 50 13 101 87 1 66 25 55 41 135 114 55 95 19 76 38 50 124 33 109 96 77 112 126 99 6 79 127 88 40 44 57 46 107 20 19 48 50 12 58 66 117 124 73 100 43 59 20 48 135
106 16 125 12 41 122 71 16 96 106 61 106 100 61 65 78 108 4 4 35 61 125 111 -9999 -9999 -9999 -9999 -9999 -9999 -9999 -9999 -9999 -9999 -9999 -9999 -9999 -9999 -9999 54 124 67 56 80 132 78 97 37 15 63 25 22 110 3 79 72 18 48 64 19 33 37 99 112 96 25 77 61 107 97 43 129 47 42 82 79 36 53 111 57 53 64 39 60 48 57 61 42 50 124 104 12 44
68 67 43 132 19 49 125 105 78 3 108 112 102 101 64 38 73 57 109 43 53 124 -9999 -9999 -9999 -9999 -9999 -9999 -9999 -9999 -9999 -9999 -9999 -9999 -9999 -9999 -9999 -9999 -9999 -9999 -9999 -9999 60 67 122 47 39 56 18 44 57 2 20 84 14 60 103 112 81 135 125 13 109 49 43 40 15 56 12 43 100 130 134 20 56 125 64 53 101 117 36 42 112 23 107 43 66 128 133 68 22 25
71 38 38 113 131 57 25 10 134 130 126 111 55 22 127 23 20 100 24 70 39 -9999 -9999 -9999 -9999 -9999 -9999 -9999 -9999 -9999 -9999 -9999 -9999 -9999 -9999 -9999 -9999 -9999 -9999 -9999 -9999 -9999 -9999 -9999 -9999 130 4 4 12 14 5 129 127 4 4 17 125 15 62 21 65 103 112 18 22 52 132 101 57 34 76 16 68 76 35 49 116 78 12 3 5 127 19 63 68 107 126 37 98 71 120 120
125 126 42 44 18 60 113 74 58 113 104 100 60 91 72 62 63 125 -9999 -9999 -9999 -9999 -9999 -9999 -9999 -9999 -9999 -9999 -9999 -9999 -9999 -9999 -9999 -9999 -9999 -9999 -9999 -9999 -9999 -9999 -9999 -9999 -9999 -9999 -9999 -9999 115 132 56 14 131 112 52 2 6 58 39 12 62 119 36 54 2 101 22 100 99 7 19 116 24 42 100 22 135 131 20 81 39 45 44 127 126 62 67 100 34 16 46 67 115 107
100 57 126 12 22 7 67 52 74 113 -9999 -9999 -9999 -9999 -9999 -9999 -9999 -9999 -9999 -9999 -9999 -9999 -9999 -9999 -9999 -9999 -9999 -9999 -9999 -9999 -9999 -9999 -9999 -9999 -9999 -9999 -9999 -9999 -9999 -9999 -9999 -9999 -9999 -9999 -9999 -9999 -9999 17 58 9 51 75 23 63 17 65 43 6 126 92 77 109 12 134 105 106 99 51 5 65 40 64 51 111 106 100 11 47 16 4 56 17 63 50 22 49 23 104 5 101 128 60
99 -9999 -9999 -9999 -9999 -9999 -9999 -9999 -9999 -9999 -9999 -9999 -9999 -9999 -9999 -9999 -9999 -9999 -9999 -9999 -9999 -9999 -9999 -9999 -9999 -9999 -9999 -9999 -9999 -9999 -9999 -9999 -9999 -9999 -9999 -9999 -9999 -9999 -9999 -9999 -9999 -9999 -9999 -9999 -9999 -9999 -9999 -9999 79 64 76 20 131 94 40 94 17 133 99 106 7 129 44 129 68 45 67 49 34 79 124 77 38 101 64 96 52 63 126 58 100 37 14 99 135 21 11 58 106 116 6 132
-9999 -9999 -9999 -9999 -9999 -9999 -9999 -9999 -9999 -9999 -9999 -9999 -9999 -9999 -9999 -9999 -9999 -9999 -9999 -9999 -9999 -9999 -9999 -9999 -9999 -9999 -9999 -9999 -9999 -9999 -9999 -9999 -9999 -9999 -9999 -9999 -9999 -9999 -9999 -9999 -9999 -9999 -9999 -9999 -9999 -9999 -9999 -9999 62 102 37 123 46 102 23 53 128 69 45 43 61 114 83 130 2 71 127 127 18 67 78 106 64 21 41 19 93 77 59 21 35 36 78 59 13 13 58 4 42 20 61 19
-9999 -9999 -9999 -9999 -9999 -9999 -9999 -9999 -9999 -9999 -9999 -9999 -9999 -9999 -9999 -9999 -9999 -9999 -9999 -9999 -9999 -9999 -9999 -9999 -9999 -9999 -9999 -9999 -9999 -9999 -9999 -9999 -9999 -9999 -9999 -9999 -9999 -9999 -9999 -9999 -9999 -9999 -9999 -9999 -9999 -9999 -9999 -9999 21 20 22 21 60 71 105 115 74 58 18 19 1 68 118 19 19 70 55 82 41 50 102 17 45 50 63 126 128 15 46 97 21 100 48 117 91 50 36 35 34 75 19 3
-9999 -9999 -9999 -9999 -9999 -9999 -9999 -9999 -9999 -9999 -9999 -9999 -9999 -9999 -9999 -9999 -9999 -9999 -9999 -9999 -9999 -9999 -9999 -9999 -9999 -9999 -9999 -9999 -9999 -9999 -9999 -9999 -9999 -9999 -9999 -9999 -9999 -9999 -9999 -9999 -9999 -9999 -9999 -9999 -9999 -9999 -9999 -9999 57 130 133 41 60 98 131 64 37 49 127 105 122 17 21 19 98 54 20 101 88 65 39 128 12 8 127 55 44 66 80 102 68 101 120 3 4 77 70 57 92 52 44 128
-9999 -9999 -9999 -9999 -9999 -9999 -9999 -9999 -9999 -9999 -9999 -9999 -9999 -9999 -9999 -9999 -9999 -9999 -9999 -9999 -9999 -9999 -9999 -9999 -9999 -9999 -9999 -9999 -9999 -9999 -9999 -9999 -9999 -9999 -9999 -9999 -9999 -9999 -9999 -9999 -9999 -9999 -9999 -9999 -9999 -9999 -9999 -9999 125 79 98 43 62 50 117 107 79 101 12 68 99 97 67 41 130 127 60 16 8 38 61 56 67 116 105 17 81 51 105 132 18 40 37 68 18 76 96 61 64 49 66 95
-9999 -9999 -9999 -9999 -9999 -9999 -9999 -9999 -9999 -9999 -9999 -9999 -9999 -9999 -9999 -9999 -9999 -9999 -9999 -9999 -9999 -9999 -9999 -9999 -9999 -9999 -9999 -9999 -9999 -9999 -9999 -9999 -9999 -9999 -9999 -9999 -9999 -9999 -9999 -9999 -9999 -9999 -9999 -9999 -9999 -9999 -9999 118 14 45 18 99 128 53 117 75 135 59 71 132 103 105 101 134 92 18 46 18 11 17 18 43 64 87 58 6 55 64 97 19 66 98 59 69 128 104 93 1 15 61 130 128
-9999 -9999 -9999 -9999 -9999 -9999 -9999 -9999 -9999 -9999 -9999 -9999 -9999 -9999 -9999 -9999 -9999 -9999 -9999 -9999 -9999 -9999 -9999 -9999 -9999 -9999 -9999 -9999 -9999 -9999 -9999 -9999 -9999 -9999 -9999 -9999 -9999 -9999 -9999 -9999 -9999 -9999 -9999 -9999 -9999 -9999 -9999 14 6 42 82 51 77 98 95 102 102 103 103 77 61 55 5 11 57 16 7 129 1 9 15 93 71 16 11 69 100 129 99 13 131 129 97 16 11 57 131 119 72 110 65 4
-9999 -9999 -9999 -9999 -9999 -9999 -9999 -9999 -9999 -9999 -9999 -9999 -9999 -9999 -9999 -9999 -9999 -9999 -9999 -9999 -9999 -9999 -9999 -9999 -9999 -9999 -9999 -9999 -9999 -9999 -9999 -9999 -9999 -9999 -9999 -9999 -9999 -9999 -9999 -9999 -9999 -9999 -9999 -9999 -9999 -9999 -9999 117 51 120 63 129 15 109 104 80 101 75 66 62 64 129 100 64 18 50 47 57 6 75 53 100 47 57 52 76 52 46 6 41 9 11 54 60 7 47 101 58 119 98 10 61
-9999 -9999 -9999 -9999 -9999 -9999 -9999 -9999 -9999 -9999 -9999 -9999 -9999 -9999 -9999 -9999 -9999 -9999 -9999 -9999 -9999 -9999 -9999 -9999 -9999 -9999 -9999 -9999 -9999 -9999 -9999 -9999 -9999 -9999 -9999 -9999 -9999 -9999 -9999 -9999 -9999 -9999 -9999 -9999 -9999 -9999 -9999 8 20 56 118 100 68 95 69 9 118 18 42 58 39 92 97 43 106 62 19 15 134 130 55 98 82 45 123 76 17 65 76 7 128 77 57 10 10 64 66 8 119 70 8 97
-9999 -9999 -9999 -9999 -9999 -9999 -9999 -9999 -9999 -9999 -9999 -9999 -9999 -9999 -9999 -9999 -9999 -9999 -9999 -9999 -9999 -9999 -9999 -9999 -9999 -9999 -9999 -9999 -9999 -9999 -9999 -9999 -9999 -9999 -9999 -9999 -9999 -9999 -9999 -9999 -9999 -9999 -9999 -9999 -9999 -9999 -9999 69 44 60 17 98 79 46 7 59 98 127 69 74 17 120 16 131 16 65 56 99 121 39 71 63 125 63 61 109 2 61 60 11 41 97 70 119 83 121 103 40 14 121 53 9
-9999 -9999 -9999 -9999 -9999 -9999 -9999 -9999 -9999 -9999 -9999 -9999 -9999 -9999 -9999 -9999 -9999 -9999 -9999 -9999 -9999 -9999 -9999 -9999 -9999 -9999 -9999 -9999 -9999 -9999 -9999 -9999 -9999 -9999 -9999 -9999 -9999 -9999 -9999 -9999 -9999 -9999 -9999 -9999 -9999 -9999 -9999 59 19 9 99 59 108 132 67 100 8 10 57 62 121 58 130 55 16 61 9 130 52 79 124 16 97 14 77 43 13 11 53 133 13 83 134 64 40 39 53 78 86 48 7 62
-9999 -9999 -9999 -9999 -9999 -9999 -9999 -9999 -9999 -9999 -9999 -9999 -9999 -9999 -9999 -9999 -9999 -9999 -9999 -9999 -9999 -9999 -9999 -9999 -9999 -9999 -9999 -9999 -9999 -9999 -9999 -9999 -9999 -9999 -9999 -9999 -9999 -9999 -9999 -9999 -9999 -9999 -9999 -9999 -9999 -9999 16 44 80 72 57 122 48 68 93 122 81 65 121 69 51 62 9 55 97 14 131 95 11 104 77 97 62 18 42 95 106 56 67 93 17 82 126 70 13 96 92 54 49 97 60 2
-9999 -9999 -9999 -9999 -9999 -9999 -9999 -9999 -9999 -9999 -9999 -9999 -9999 -9999 -9999 -9999 -9999 -9999 -9999 -9999 -9999 -9999 -9999 -9999 -9999 -9999 -9999 -9999 -9999 -9999 -9999 -9999 -9999 -9999 -9999 -9999 -9999 -9999 -9999 -9999 -9999 -9999 -9999 -9999 -9999 -9999 -9999 67 84 130 12 78 133 121 122 105 1 96 68 18 64 12 79 56 19 89 132 106 62 96 10 57 15 96 19 91 95 17 102 94 96 62 47 90 67 48 96 43 46 16 15 41
-9999 -9999 -9999 -9999 -9999 -9999 -9999 -9999 -9999 -9999 -9999 -9999 -9999 -9999 -9999 -9999 -9999 -9999 -9999 -9999 -9999 -9999 -9999 -9999 -9999 -9999 -9999 -9999 -9999 -9999 -9999 -9999 -9999 -9999 -9999 -9999 -9999 -9999 -9999 -9999 -9999 -9999 -9999 -9999 -9999 -9999 -9999 98 58 57 70 61 66 94 52 107 95 61 54 96 103 67 41 16 71 12 54 54 108 98 99 82 68 16 41 94 127 69 50 16 60 13 40 66 64 10 55 52 92 56 133 2
-9999 -9999 -9999 -9999 -9999 -9999 -9999 -9999 -9999 -9999 -9999 -9999 -9999 -9999 -9999 -9999 -9999 -9999 -9999 -9999 -9999 -9999 -9999 -9999 -9999 -9999 -9999 -9999 -9999 -9999 -9999 -9999 -9999 -9999 -9999 -9999 -9999 -9999 -9999 -9999 -9999 -9999 -9999 -9999 -9999 -9999 -9999 -9999 44 64 123 88 134 131 93 97 65 18 53 58 43 15 73 46 66 10 92 70 51 10 56 104 50 43 43 69 96 49 109 10 61 69 131 86 58 57 91 55 59 58 81 105
-9999 -9999 -9999 -9999 -9999 -9999 -9999 -9999 -9999 -9999 -9999 -9999 -9999 -9999 -9999 -9999 -9999 -9999 -9999 -9999 -9999 -9999 -9999 -9999 -9999 -9999 -9999 -9999 -9999 -9999 -9999 -9999 -9999 -9999 -9999 -9999 -9999 -9999 -9999 -9999 -9999 -9999 -9999 -9999 -9999 -9999 -9999 -9999 -9999 -9999 62 97 58 97 99 2 70 107 68 131 56 16 17 107 14 97 4 127 132 77 6 134 17 67 16 8 63 97 42 95 71 124 7 92 49 47 71 95 81 108 57 14
-9999 -9999 -9999 -9999 -9999 -9999 -9999 -9999 -9999 -9999 -9999 -9999 -9999 -9999 -9999 -9999 -9999 -9999 -9999 -9999 -9999 -9999 -9999 -9999 -9999 -9999 -9999 -9999 -9999 -9999 -9999 -9999 -9999 -9999 -9999 -9999 -9999 -9999 -9999 -9999 -9999 -9999 -9999 -9999 -9999 -9999 -9999 -9999 -9999 -9999 -9999 2 12 58 128 132 95 130 15 69 132 56 98 56 45 9 106 8 95 107 80 59 106 82 94 58 58 14 59 65 132 93 95 62 90 16 95 67 97 10 86 10
