input_data/wasim/wasim_run1/input/alm.dhk
ncols	135
nrows	130
xllcorner	22597.5
yllcorner	185062.5
cellsize	100
nodata_value	-9999
[rows 0 to 30 of 130, columns 0 to 69 of 135]
2304.7 2339.6 2375.9 2420.84 2468.63 2526.95 2525.18 2516 2500.1 2469.38 2461.6 2454.24 2464.3 2484.6 2503.26 2513.87 2566.41 2601.88 2619.83 2638.83 2654.72 2691.08 2744.86 2795.06 2860.46 2952.15 3048.63 3008.08 2914.66 2852.84 2824.43 2810.8 2818.84 2819.64 2794.41 2800.18 2820.98 2807.12 2798.33 2791.42 2768.97 2720.58 2693.13 2680.13 2660.48 2647.78 2605.8 2569.44 2525.04 2482.64 2405.98 2348.11 2311.05 2326.39 2349.66 2367.74 2378.64 2383.99 2413.5 2429.77 2461.92 2494.2 2509.52 2539.83 2563.31 2545.9 2560.62 2598.26 2598.05 2553.33
2248.07 2280.09 2326.54 2394.63 2458.93 2473.22 2465.71 2452.1 2432.11 2409.37 2407.46 2403.68 2414.64 2445.52 2471.37 2509.58 2556.36 2582.42 2638.97 2664.38 2689.76 2729.66 2800.8 2852.38 2922.13 3006.98 3042.31 2999.05 2918.09 2848.88 2814.5 2801.2 2800.45 2796.54 2756.41 2774.83 2777.49 2765.3 2758.52 2752.12 2723.71 2691.8 2668.88 2662.35 2626.85 2589.19 2556.13 2510.94 2470.29 2424.05 2368.82 2327.46 2328.75 2357.42 2387.43 2414.48 2434.72 2443.06 2458.85 2509.59 2592.78 2573.66 2592.86 2606.66 2642.15 2625.3 2673.95 2684.25 2588.95 2507.9
2186.95 2273.42 2336.65 2382.41 2415.61 2417.57 2398.54 2387.84 2365.27 2357.56 2356.54 2361.87 2375.79 2402.34 2450.58 2520.39 2527.78 2652.99 2679.75 2694.22 2727.25 2745.12 2773.73 2854.19 2911.06 2986.11 2981.36 2928.66 2893.43 2813.34 2768.01 2780.79 2790.82 2767.64 2730.28 2737.01 2734.25 2735.7 2724.56 2712.08 2699.39 2651.48 2632.37 2625.13 2602.55 2555.23 2509.24 2463.62 2416.76 2379.31 2344.49 2335.23 2348 2389.59 2430.15 2462.26 2493.62 2514.64 2543.55 2586.46 2634.18 2654.46 2677.54 2661.76 2721.35 2720.96 2745.38 2673.4 2599.67 2498.71
2153.91 2224.44 2293.19 2333.17 2354.61 2350.12 2328.41 2317.22 2308.85 2317.67 2324.75 2347.71 2358.12 2379.65 2420.14 2456.21 2487.98 2558.92 2580 2617.26 2639.25 2687.19 2741.84 2832.62 2875.15 2953.43 2931.44 2876.77 2850.22 2802.49 2752.38 2753.93 2773.13 2755.19 2734.75 2720.76 2717.37 2696.05 2695.1 2681.61 2652.4 2615.96 2597.58 2588.75 2581.83 2523.31 2475.9 2424.37 2380.55 2365.35 2358.01 2358.15 2374.92 2412.64 2469.51 2516.66 2550.71 2590.32 2652.14 2693.85 2701.66 2735.93 2765.23 2735.88 2794.87 2796.77 2718.57 2637.99 2552.47 2485.06
2120.03 2186.63 2251.57 2281.35 2292.32 2275.85 2271.9 2264.37 2280.74 2297.34 2315.7 2335.4 2353.21 2382.79 2412.19 2437.95 2472.48 2508.47 2558.38 2598.92 2641.36 2684.95 2739.8 2816.18 2855.16 2909.07 2907.89 2857.17 2829.62 2808.78 2765.79 2745.21 2756.28 2737.73 2730.86 2718.32 2704.99 2687.91 2686.71 2663.47 2604.44 2570.38 2555.4 2539.68 2516.56 2477.96 2432.34 2385.66 2385.56 2391.68 2384.8 2401.14 2428.93 2464.74 2531.84 2583.7 2618.13 2678.82 2701.08 2790.56 2836.39 2874.11 2860.3 2828.47 2867.46 2777.77 2697.07 2616.57 2554.6 2479.77
2098.88 2151.43 2181.15 2200.08 2204.7 2213.89 2220.16 2248.49 2275.21 2310.19 2343.86 2371.27 2394.35 2430.75 2471.3 2486.29 2503.42 2508.17 2556.82 2602.27 2652.54 2704.86 2757.5 2817.24 2886.92 2928.53 2915.25 2857.22 2810.62 2788.71 2766.68 2755.5 2736.85 2724.51 2723.83 2715.26 2703.94 2687.93 2676.64 2667.89 2640.25 2591.22 2537.32 2520.79 2489.24 2437.74 2397.07 2402.68 2416.57 2426.71 2431.25 2459.07 2487 2541.65 2638.1 2692.56 2701.66 2754.5 2828.17 2857.58 2845.81 2847.92 2879.27 2922.87 2892.11 2804.96 2705.37 2629.41 2568.02 2499.77
2066.92 2091.32 2106.83 2125.86 2125.13 2171.11 2229.28 2254.53 2287.1 2327.87 2380.19 2415.35 2453.76 2493.13 2554.99 2526.54 2526.78 2538.88 2597.19 2656.14 2709.47 2739.22 2796.1 2853.16 2927.26 2990.33 2930.92 2857.9 2803.75 2764.68 2761.05 2748.93 2740.32 2724.33 2729.27 2719.35 2690.51 2681.1 2674.81 2661.03 2646.01 2589.74 2538.74 2498.07 2460.48 2441.33 2427.21 2420.72 2450.25 2471.62 2475.68 2519.02 2580.34 2673.03 2738.58 2792.8 2769.16 2828.16 2829.82 2799.33 2773.13 2782.25 2800.79 2841.6 2853.02 2838.6 2750.22 2683.3 2614.09 2534.63
2003.73 2002.35 2029.28 2092.95 2139.09 2197.78 2231.24 2274.82 2330.47 2389.01 2453.66 2468.97 2509.35 2561.05 2614.26 2569.77 2553.42 2567.15 2628.15 2692.62 2714.84 2748.33 2837.44 2901.44 2969.6 2993.3 2915.34 2876.11 2828.3 2774.05 2761.23 2752.58 2712.93 2708.3 2710 2702.52 2671.51 2648.27 2638.64 2629.86 2609.14 2570.25 2521.11 2474.59 2465.7 2450 2435.97 2445.47 2462.45 2509.45 2537.69 2612 2653.78 2785.76 2853.71 2882.93 2864.93 2875.87 2780.64 2730.24 2726.68 2717.25 2725.74 2752.62 2773.97 2777.43 2750.87 2697.1 2640.55 2565.99
1937.63 1995.96 2057.09 2107.4 2160.89 2215.87 2260.4 2327.15 2385.5 2449.43 2505.64 2558.89 2565.77 2624.1 2681.93 2614.12 2599.16 2597.9 2652.38 2726.01 2739.56 2765.96 2880.36 2977.27 3033.79 2985.49 2945.02 2904.72 2875.08 2833.37 2784.73 2732.41 2699.6 2684.51 2683.78 2676.24 2654.41 2626.12 2597.67 2575.87 2548.9 2522.97 2485.13 2491.07 2472.35 2465.18 2464.13 2489.22 2505.42 2546.88 2589.11 2650.75 2735.1 2816.26 2872 2892.21 2924.31 2837.81 2761 2727.14 2719.89 2709.9 2700.6 2692.3 2685.33 2681.94 2672.49 2634.63 2593.13 2550.16
1940.21 1998.71 2068.14 2125.76 2176.12 2234.93 2310.23 2355.72 2433.37 2507.65 2570.73 2638.41 2651.71 2693.87 2727.53 2666.62 2642.83 2636.46 2675.76 2764.05 2776.85 2802.91 2881.3 2943.76 3087.77 3041.38 2950.81 2897.91 2858.56 2805.65 2780.25 2745.23 2703.97 2660.3 2649.95 2649.93 2629.73 2600.04 2573.31 2546.45 2522.97 2525.62 2510.61 2506.15 2502.35 2488.54 2525.03 2555.95 2565.41 2631.96 2668.13 2676.98 2725.33 2787.97 2874.51 2881.02 2915.71 2853.9 2787.96 2742.54 2705.65 2690.73 2659.99 2660.12 2668.01 2628.43 2616.19 2591.2 2546.98 2502.05
1907.8 1958.45 2061.52 2166.17 2233.81 2280.97 2353.7 2427.87 2472.96 2537.67 2613.63 2670.15 2722.8 2740.02 2720.79 2684.31 2669.77 2679.19 2721.42 2809.67 2783.44 2805.5 2884.42 2993.75 3085.77 3021.28 2935.69 2855.86 2810.72 2787.49 2782.54 2759.67 2690.16 2644.59 2644.59 2644.59 2639.88 2616.46 2575.85 2543.27 2547.44 2542.81 2537.33 2532.52 2530.78 2538.13 2571.8 2617.67 2628.45 2713.54 2761.21 2756.61 2785.55 2882.3 2918.63 2905.32 2950.1 2891.94 2832.55 2761.42 2703.33 2670.29 2648.9 2639.99 2638.68 2606.71 2594.04 2569.04 2540.77 2485.59
1867.27 1929.7 2018.96 2130.9 2259.49 2332.72 2398.82 2447.19 2520.33 2575 2643.61 2707.1 2757.58 2820.7 2750.64 2707.19 2721.77 2721.06 2767.58 2819.29 2809.09 2820.92 2892.69 2978.21 3073.75 2978.62 2936 2861.61 2818.59 2791.33 2792.05 2766.81 2729.29 2674.18 2652.05 2651.84 2642.64 2628.17 2586.97 2553.99 2554.93 2566.97 2577.13 2569.73 2596.32 2588.39 2605.24 2648.72 2666.25 2711.83 2787.33 2840.66 2845.02 2913.83 2952.48 2941.83 2982.23 2944.18 2873.69 2789.93 2723.14 2676.28 2645.45 2621.93 2613.03 2583.85 2556.08 2544.28 2531.74 2484.66
1844.61 1897.66 1971.63 2091.78 2217.26 2268.7 2328.33 2438.11 2487.03 2578.87 2659.12 2690.03 2759.72 2834.37 2790.1 2745.1 2763.88 2777.59 2834.85 2839.51 2818.69 2837.12 2908.61 2990.41 3075.58 3005.35 2926.42 2880.55 2853.21 2825.6 2816.54 2775.28 2745.8 2710.55 2673.2 2650.85 2659.51 2630.64 2610.12 2585.54 2586.21 2597.82 2621.93 2618.59 2627.2 2622.94 2666.75 2701.77 2693.16 2712.96 2813.21 2892.13 2944.93 2973.38 2963.77 2948.39 2902.84 2892.78 2892.54 2830.34 2751.07 2685.48 2642.55 2621.69 2596.1 2580.7 2548.92 2528.78 2507.44 2493.31
1847.47 1879.47 1943 2058.52 2138.6 2240.49 2301.24 2371.17 2451.83 2537.98 2576.66 2676.44 2744.8 2826.92 2889.72 2826.98 2822.68 2810.39 2858.57 2865.09 2862.54 2893.71 2975.87 3032.12 3033.62 3007.35 3005.84 2945.04 2921.17 2897.47 2871.06 2837.26 2812.51 2730.75 2715.22 2691.92 2683.24 2660.21 2633.72 2634.3 2631.45 2647.52 2655.92 2657.29 2649.03 2674.1 2730.95 2792.09 2753.98 2746.79 2802.31 2844.5 2888.57 2882.46 2881.3 2861.97 2834.31 2810.14 2833.21 2803.98 2789.57 2742.84 2682.87 2652.67 2612.77 2593.85 2579.22 2547.9 2517.06 2498.26
1859.79 1879.94 1920.36 2013.27 2139.82 2259.54 2309.44 2355.89 2433.47 2445.09 2567.49 2650.66 2731.29 2816.41 2917.51 2905.94 2882.89 2889.45 2908.85 2886.62 2957.78 3006.58 2961.85 2970.86 2948.71 2916.46 2920.62 2937.39 2977.66 2975.1 2947.98 2865.04 2792.54 2737.34 2705.67 2716.39 2713.73 2712.97 2701.93 2693.12 2690.99 2701.52 2691.46 2681.06 2682.67 2722.4 2790.78 2854.18 2838.6 2817.54 2857.43 2853.28 2805.56 2798.56 2796.15 2783.14 2755.99 2747.06 2745.42 2728.92 2705.99 2719.59 2744.17 2702.04 2662.69 2638.05 2631.5 2631.73 2608.34 2586.07
1872.13 1895.9 1921.33 1982.37 2163.6 2255.28 2258.42 2284.65 2332.75 2455.99 2586.29 2701.25 2784.11 2860.05 2941.51 2985.69 2958.01 2973.68 2948.77 2904.4 2933.15 2926.86 2878.63 2876.83 2861.65 2847.47 2842.69 2868.38 2899.18 2947.96 2975.76 2888.34 2810.67 2752.63 2748.05 2719.64 2722.55 2750.32 2756.96 2763.51 2759.48 2752.1 2720.32 2712.01 2719.23 2775.01 2849.36 2905.64 2918.48 2910.53 2908.69 2822.64 2778.66 2773.86 2751.78 2763.42 2712 2699.31 2700.84 2682.25 2682.87 2672.34 2669.07 2696.24 2724.03 2709.51 2690.13 2660.48 2621.03 2562.01
1886.34 1916.88 1955.22 2001.64 2074.76 2113.3 2228.44 2327.31 2387.33 2490.82 2604.02 2692.81 2767.76 2832.27 2914.1 2994.7 2979.15 2948.1 2904.06 2858.46 2850.29 2835.21 2808.11 2805.09 2800.38 2792.22 2818.32 2842.4 2845.54 2870.44 2928.05 2954.64 2842.56 2805.25 2797.42 2771.48 2785.95 2816.81 2830.35 2787.03 2770.56 2740.05 2735.74 2723.86 2764.36 2834.09 2901.48 2963.98 3009.52 2958.67 2882.9 2825.67 2784.94 2782.52 2747.94 2735.38 2695.96 2669.67 2664.51 2663.99 2664.52 2656.13 2648.33 2643.15 2655.64 2651.18 2630.4 2611.51 2588.11 2537.81
1895.34 1922.24 1958.99 1991.05 2093.68 2199.73 2295.57 2383.01 2472.24 2545.6 2614.94 2683.48 2745.94 2827.91 2925.36 2994.39 2951.73 2885.85 2833.17 2793.97 2777.26 2771.24 2761.48 2758.45 2751.56 2764.12 2798.7 2838.74 2846.87 2856.02 2927.07 3008.96 2929.69 2871.32 2869.49 2856.03 2874.81 2851.1 2816.95 2788.13 2763.25 2757.71 2755.87 2770.45 2830.76 2880.05 2968.52 3006.22 3027.28 2952.64 2877.49 2826.23 2797.29 2763.95 2759.42 2718.85 2687.75 2649.11 2636.92 2647.32 2651.39 2635.9 2625.89 2616.96 2618.53 2621.51 2593.48 2558.94 2537.2 2489.85
1948.81 1936.81 1947.45 1993.74 2089 2177.36 2300 2420.04 2492.23 2589.52 2666.76 2742.55 2814.38 2871.17 2934.57 2933.95 2927.52 2868.91 2783.43 2756.1 2737.61 2726.88 2728.41 2714.45 2721.67 2765.43 2799.85 2836.52 2859.91 2892.09 2908.81 2960.89 3006.34 2962.4 2964.24 2938.7 2853.21 2828.38 2804.23 2797.82 2794.42 2808.38 2806.85 2830.71 2899.47 2929.17 2998.3 3086.53 3052.89 2975.32 2906.05 2844.62 2811.04 2802.56 2761.87 2721.31 2684.52 2647.05 2623.51 2617.05 2610.08 2597.53 2601.48 2584.09 2572.06 2550.09 2526.68 2511.36 2489.54 2450.01
2004.5 1983.83 1972.9 2024.71 2096.9 2168.48 2358.82 2436.34 2492.46 2583.09 2622.32 2711.75 2754.36 2819.24 2852.17 2853.62 2878.01 2813.69 2784.56 2738.91 2720.3 2707.76 2710.92 2697.74 2690.99 2756.77 2790.72 2804.59 2868.9 2941.26 2937.44 2965.92 2996.82 3070.21 3030.77 2932.51 2877.87 2847.66 2840.33 2839.03 2832.4 2860.08 2907.91 2891.14 2939.51 2960.71 2977.75 3084.55 3098.02 3019.99 2941.52 2888.18 2879.47 2842.53 2812.23 2763.28 2726.76 2689.54 2641.92 2603.9 2586.74 2578.83 2573.06 2558.91 2538.95 2509.27 2485.49 2470.45 2430.41 2393.27
2064.68 2039.94 2030.36 2072.75 2110.29 2180.43 2326.73 2389.08 2466.51 2512.34 2594.2 2631.74 2693.41 2761.54 2788.48 2764.94 2810.86 2784.57 2732.06 2711.2 2685.35 2670.1 2682.88 2682.32 2703.45 2749.63 2790.39 2801.98 2850.65 2915.24 2975.61 2986.77 3022.81 3126.58 3035.31 2952.97 2913.73 2876.66 2869.51 2881.7 2931.93 2934.94 3005.42 2993.76 3040.17 3015 3010.49 3071.59 3109.01 3057.42 2997.4 2982.3 2965.33 2914.79 2870.26 2855.75 2797.84 2765.67 2698.07 2630.91 2586.63 2560.97 2544.16 2539.57 2514.36 2489.15 2464.69 2432.79 2389.33 2343.31
2117.69 2096.54 2093.38 2096.98 2121.58 2192.02 2270.62 2311.9 2378.37 2453.65 2519.19 2580.37 2651.71 2677.21 2724.27 2730.63 2754.08 2732.24 2699.72 2674.87 2644.89 2665.73 2669.07 2675.53 2717.56 2754.93 2786.99 2820.64 2852.34 2918.91 2985.2 3017.34 3055.81 3145.84 3080.83 3018.88 2965.69 2940.99 2919.15 2939.12 2997.02 3049.65 3098.83 3088.09 3147.26 3081.33 3002.64 2968.16 2982.95 2985.36 2999.75 2996.44 3007.46 2976.1 2956.12 2912.64 2858.06 2816.27 2751.27 2678.86 2617.06 2556.23 2525.98 2521.77 2502.13 2471.97 2450.21 2395.32 2351.75 2326.8
2176.5 2157.12 2150.54 2126.14 2126.82 2138.71 2189.09 2240.95 2290.08 2355.63 2479.9 2560.39 2576.32 2585.42 2597.13 2614.84 2665.48 2680.33 2640.87 2640.87 2652.07 2675.01 2691.65 2700.72 2713.26 2745.81 2803.09 2854.85 2913.47 2991.83 3011.43 3033.36 3115.97 3203.96 3159.26 3085.99 3080.39 3087.19 3050.31 3009.3 3120.34 3156.92 3172.36 3154.76 3128.76 3077.54 2989.92 2946.6 2934.02 2909.37 2898.1 2918.14 2985.37 3012.03 2980.21 2905.66 2853.73 2818.04 2756.75 2701.87 2630.43 2568 2523.04 2491.51 2466.94 2441.78 2411.68 2377.05 2335.68 2302.33
2231.05 2192.83 2160.34 2141.97 2132.62 2141.6 2163.23 2200.15 2254.18 2335.31 2443.12 2477.8 2491.84 2527.38 2544.56 2555.18 2596.18 2627.68 2646.47 2661.31 2672.5 2675.98 2687.09 2686.76 2704.86 2807.51 2887.62 2947.94 3067.55 3122.99 3051.15 3046.79 3098.32 3173.2 3137.59 3118.35 3116.59 3115.35 3109.58 3102.12 3098.56 3082.5 3079.44 3088.27 3044.93 3048.13 2995.62 2944.5 2910.89 2860.21 2847.82 2850.11 2885.42 2931.84 2951 2913.05 2858.04 2800.71 2747.54 2695.57 2636.16 2575 2521.54 2487.21 2459.27 2432.73 2408.06 2372.99 2340.38 2307.11
2271 2226.12 2199.48 2173.95 2158.47 2147.19 2156.7 2184.78 2223.96 2302.31 2382 2413.1 2450.28 2469.21 2492.04 2552.84 2599.43 2629.22 2644.39 2651.43 2659.21 2649.35 2654.01 2663.36 2687.69 2755.17 2826.53 2954.95 3053.01 3135.23 3089.46 3075.28 3088.53 3136.45 3071.99 3030.98 3037.92 3023.15 3009.89 3024.84 3011.53 2996.54 2998.57 3061.56 3019.91 2998.97 3008.82 2925.31 2893.63 2851.99 2848.55 2831.72 2838.04 2867.33 2944.87 2880.31 2831.8 2771.02 2723.87 2664.37 2615.26 2567.18 2530.35 2495.74 2459.42 2444.14 2422.05 2385.56 2351.63 2325.23
2337.62 2290.18 2258.79 2224.99 2199.12 2168.89 2180.45 2196.78 2204.36 2253.6 2329.05 2370.19 2396.84 2423.19 2462.86 2528.11 2590.07 2622.27 2643.87 2648.32 2647.39 2647.39 2666.12 2671.9 2710.35 2746.72 2812.93 2891.9 2996.88 3169.64 3205.6 3121.51 3117.63 3111.88 3056.87 3013.39 2969.28 2955.51 2946.58 2949.04 2958.53 2938.33 2948.58 3011.01 2983.26 2973.1 2993 2933.39 2888.53 2861.29 2836.14 2816.85 2802.31 2817.81 2880.6 2897.05 2835.69 2769.36 2714.12 2670.75 2628.54 2581.97 2570.65 2520.94 2462.19 2446.72 2429.66 2413.27 2370.38 2336.17
2385.21 2347.38 2318.09 2286.01 2266.96 2215.56 2200.89 2204.65 2203.6 2233.74 2279.91 2320.97 2347.78 2392.2 2441.43 2501.32 2591.4 2629.89 2646.39 2647.39 2647.39 2666.34 2727.72 2707.46 2732.13 2764.62 2827.02 2919.98 2969.08 3040.07 3121.29 3186.31 3164.3 3092.18 3027.59 2980.03 2941.02 2930.72 2917.53 2917.73 2909.91 2918.93 2920.82 2963.02 2982.92 2959.42 2958.61 2943.95 2882.47 2848.16 2817.74 2807.06 2768.33 2786.9 2823.82 2937.29 2896.73 2813.97 2758.53 2719.02 2680.67 2635.47 2586.77 2543.72 2490.33 2461.2 2443.55 2412.07 2366.41 2328.8
2421.39 2413.29 2379.17 2359.14 2319.31 2283.05 2245.62 2201.16 2205.03 2228.85 2255.69 2297.82 2343.55 2392.48 2459.26 2510.45 2581.14 2622.6 2643.36 2650.81 2657.07 2699.81 2788.6 2748.49 2764.41 2785.95 2868.25 2968.45 3080.7 3095.04 3244.1 3181.89 3129.21 3090.55 3016.51 2961.63 2925.63 2916.54 2903.94 2894.39 2896.77 2905.92 2895.72 2895.27 2910.27 2923.59 2935.38 2919.57 2856.21 2829.69 2817.19 2791.33 2756.24 2740.51 2751.84 2845.72 2896.12 2892.2 2815.2 2771.45 2726.46 2674.29 2625.7 2574.1 2532.04 2508.59 2455.72 2427.5 2380.48 2321.5
2464.68 2450.97 2437.49 2403.45 2372.37 2330.4 2272.3 2216.79 2201.16 2212.92 2232.18 2289.64 2344.97 2407.97 2478.16 2540.56 2582.88 2624.07 2662.39 2689.07 2715.74 2783.37 2806.45 2779.5 2787.24 2829.55 2952.6 3071.75 3164.11 3233.24 3186.63 3155.24 3119.07 3075.77 3012.66 2961.86 2906.19 2891.91 2914.46 2875.97 2867.19 2880.43 2877.8 2866.68 2856.49 2875.05 2892.64 2884.32 2844.11 2803.06 2778.78 2768.93 2738.71 2699.66 2713.14 2772.08 2880.91 2914.54 2862.75 2810.54 2755.48 2721.8 2683.34 2625.54 2570.46 2531.35 2479.79 2450.74 2378.31 2323.66
2470.83 2462.05 2462.88 2419.53 2381.26 2342.24 2280.94 2224.68 2201.16 2201.16 2220.49 2273.96 2343.42 2433.83 2500.42 2587.69 2639.33 2685.05 2713.06 2743.84 2779.99 2865.24 2843.18 2816.37 2820.21 2858.67 3039.91 3190.94 3219.91 3222.69 3149.96 3122.31 3101.39 3062.1 3001.29 2944.22 2895.04 2891.94 2889.07 2839.73 2830.07 2849.22 2861.23 2840.89 2848.84 2841.2 2856.55 2843.69 2807.1 2778.83 2758.64 2743.85 2695.74 2657.76 2681.26 2779.74 2805.25 2853.18 2842.7 2796.91 2751.51 2710.19 2666.44 2628.46 2587.28 2537.99 2488.37 2463.26 2399.29 2370.22
2476.59 2466.38 2453.25 2423.21 2382.22 2350.84 2283.65 2221.37 2201.16 2201.56 2224.37 2277.96 2352.05 2466.94 2573.37 2662.59 2710.87 2763.56 2815.71 2816.45 2870.45 2931.24 2907.65 2859.78 2866.68 2914.96 3106.98 3232.24 3275.89 3203 3141.72 3111.13 3078.77 3045.02 2970.42 2935.91 2909.63 2893.69 2877.97 2828.49 2821.84 2826.31 2832.57 2835.73 2844.87 2821.94 2803.65 2802.81 2771.17 2752.08 2724.04 2684.8 2680.31 2635.12 2648.06 2705.35 2739.11 2771.99 2777.82 2743.99 2713.65 2672.66 2635.29 2595.04 2554.32 2517.75 2483.65 2446.04 2404.71 2390.36
