input_data/wasim/wasim_run1/input/alm.ack
ncols	135
nrows	130
xllcorner	22597.5
yllcorner	185062.5
cellsize	100
nodata_value	-9999
[rows 0 to 45 of 130, columns 0 to 95 of 135]
1 1 1 1 2 1 1 1 1 1 1 1 1 1 1 3 2 1 16 14 12 10 8 6 4 2 1 1 2 3 4 1 1 1 1 1 1 1 1 1 1 1 1 1 1 1 1 1 1 1 1 2 612 62 48 47 45 42 27 26 23 21 16 3 2 7 3 1 1 1 1 2 3 4 5 6 1 2 3 4 5 6 1 7028 17 16 15 14 13 7 6 5 4 3 2 1
3 8 6 4 1 1 2 2 2 2 2 2 3 2 4 2 1 18 1 1 1 1 1 1 1 1 1 1 2 1 1 6 2 1 4 1 2 2 2 1 2 2 3 1 2 2 2 2 2 2 2 547 8 9 4 1 2 6 8 2 1 4 4 8 1 3 1 1 2 4 2 1 1 1 1 2 9 10 11 12 13 14 93 6916 5 4 3 2 1 5 4 3 2 1 1 2
13 1 1 1 1 2 3 3 3 3 3 3 6 5 3 1 20 1 1 1 1 1 3 2 1 1 1 2 1 4 13 1 1 3 9 2 3 3 3 2 1 3 6 1 2 3 3 3 3 6 497 39 6 1 8 3 1 5 3 4 1 3 3 6 1 1 1 1 1 2 7 10 12 14 16 17 18 19 20 21 22 72 1 6910 16 11 10 9 7 6 5 4 3 2 15 12
14 2 2 1 2 3 4 4 4 4 14 7 6 4 2 21 2 1 3 1 12 9 5 4 3 1 1 3 3 4 18 3 1 1 2 14 1 8 1 4 3 2 10 2 1 3 4 4 481 488 20 10 8 5 2 7 2 4 2 1 2 2 2 4 1 1 2 3 5 6 7 8 9 10 1 1 2 3 1 2 65 70 1 6893 4 3 2 1 1 1 1 1 21 20 4 3
20 3 2 1 3 4 5 9 203 198 183 181 168 165 159 30 5 4 22 20 7 6 5 4 3 1 1 2 4 1 2 25 1 2 1 2 17 26 1 3 9 16 11 1 3 2 4 473 3 3 19 9 4 3 2 1 6 1 3 1 1 1 1 2 1 1 2 3 4 5 6 18 19 20 31 33 34 35 39 40 1 2 1 6892 305 304 301 297 296 295 280 278 263 241 239 9
21 3 1 2 4 5 225 210 6 5 4 1 6 2 1 126 1 57 49 15 13 11 7 4 2 1 1 2 5 5 1 1 27 31 32 33 1 1 28 1 1 1 18 12 2 6 431 33 2 2 18 1 7 3 2 1 4 1 1 1 1 1 1 1 1 2 4 6 8 10 11 1 2 11 12 13 14 15 16 17 1 2 3 1 6891 2 1 3 2 1 13 7 13 1 1 229
22 4 2 3 263 253 17 16 15 11 9 3 3 2 1 6 119 2 5 11 1 1 3 2 1 1 1 5 8 19 20 21 1 1 1 1 34 2 1 29 1 2 3 19 389 422 2 32 1 1 14 3 3 3 2 1 2 1 1 1 2 2 2 1 1 1 1 1 1 2 3 4 8 1 8 14 17 19 20 21 39 40 1 6584 9 8 7 6 5 4 1 5 6 11 2 1
23 289 284 266 2 1 10 8 5 3 1 8 2 2 1 5 58 3 1 4 10 3 2 2 1 1 3 2 2 5 6 1 24 2 2 1 2 37 2 1 30 1 1 357 1 1 31 3 29 9 11 2 2 2 2 1 1 1 2 5 3 3 3 2 2 1 1 1 1 1 2 3 1 6 5 2 1 1 2 3 4 5 6563 7 6 5 4 3 2 1 2 1 4 5 8 6
315 2 1 12 11 10 9 1 2 4 2 1 6 1 1 4 21 36 2 1 3 6 1 1 1 1 1 1 1 1 1 8 9 27 3 1 2 3 38 3 2 321 349 1 3 27 3 2 13 3 8 10 1 1 1 1 1 2 3 4 6 4 7 3 3 2 1 2 2 1 2 3 4 4 1 1 2 3 4 5 6 7 1 6510 12 11 10 9 8 7 6 5 2 3 4 1
1 1 9 8 6 4 2 8 5 1 3 1 4 1 1 2 20 10 25 23 1 1 4 3 1 1 2 1 1 2 11 28 29 70 31 1 123 128 133 172 290 1 5 21 1 26 2 1 11 1 2 7 9 6 4 3 1 3 5 6 11 7 19 4 1 6 1 2 5 8 1 2 3 3 4 5 6 7 115 116 142 143 1 6496 10 9 8 7 6 5 4 1 2 1 2 3
3 12 2 1 1 1 1 1 2 4 2 2 1 2 1 2 17 7 2 1 22 3 2 1 1 1 2 5 7 8 16 1 4 82 85 120 1 1 1 26 1 85 3 20 2 12 11 1 9 1 1 4 2 2 1 2 1 1 2 3 4 16 17 24 1 2 7 2 3 4 13 1 2 103 104 105 106 107 1 2 25 1 145 6339 7 6 5 4 3 2 1 2 1 1 1 1
18 2 1 2 1 1 1 2 1 1 1 1 1 1 1 7 9 4 2 1 14 4 3 2 1 1 2 3 8 15 1 2 4 3 2 1 34 1 5 25 5 79 2 19 1 7 4 10 6 2 1 1 2 1 1 1 1 1 1 3 4 5 6 24 25 2 10 1 1 84 86 101 102 1 17 18 19 20 21 22 1 2 3 6331 12 11 10 9 8 7 6 5 4 3 2 1
1362 7 6 3 2 2 4 1 2 1 1 3 2 1 1 5 8 2 1 1 5 8 4 2 1 1 2 4 3 3 1 3 2 1 3 32 1 3 8 11 4 78 1 2 16 6 1 2 9 5 2 1 1 1 1 1 2 1 1 1 2 3 5 7 58 64 68 80 82 1 1 1 12 15 1 2 3 4 13 14 15 16 17 6315 10 9 8 7 6 5 4 3 2 1 1 3
1336 3 2 1 13 10 5 4 1 2 7 3 2 1 1 3 3 4 1 2 2 2 1 1 1 1 1 1 1 2 1 1 1 2 1 27 1 7 6 4 3 3 74 1 15 3 2 1 4 4 2 1 1 2 2 2 3 2 1 1 1 1 1 1 3 3 1 3 5 7 8 10 2 1 2 3 6 8 1 2 3 4 6280 59 7 6 5 4 3 2 1 1 1 6 4 5
1254 78 17 16 2 1 1 1 1 18 8 7 5 3 1 2 2 2 1 1 1 1 1 1 2 2 1 1 1 1 1 2 3 4 25 1 6 2 3 3 2 2 73 1 11 3 2 1 3 2 1 1 2 3 3 3 4 3 2 2 2 1 1 1 1 2 1 1 1 1 1 1 1 2 1 2 1 1 2 3 4 5 6216 2 56 54 53 30 29 28 27 24 21 13 11 3
1251 2 60 2 1 1 2 44 38 3 2 1 1 1 1 1 1 1 1 1 1 1 2 2 3 3 2 2 2 1 1 2 3 13 1 6 5 1 2 2 1 1 71 22 7 3 2 1 2 1 1 2 6 7 14 1 9 4 1 5 1 4 2 1 1 1 1 1 1 2 3 4 1 1 4 5 6 7 8 16 17 6209 1 1 1 1 22 4 3 2 1 1 1 1 1 2
1249 1 1 57 56 55 50 2 3 16 6 5 4 3 2 1 1 1 1 3 2 2 3 3 4 6 3 1 6 3 1 1 3 6 3 2 3 1 1 1 1 48 1 20 4 2 2 1 1 1 2 3 8 1 25 15 16 14 2 6 1 2 7 2 2 1 2 1 2 1 1 1 6 2 3 4 5 6 7 1 2 3 6185 1 9 2 1 17 16 15 12 8 6 3 2 1
1248 19 4 3 2 1 1 3 1 2 9 7 5 3 2 1 1 3 2 5 3 3 4 4 11 28 24 22 15 14 1 1 1 4 2 1 1 1 1 26 39 7 3 12 4 3 1 1 1 2 3 4 1 23 1 27 28 45 23 1 1 2 10 3 3 1 2 4 1 3 2 2 1 7 1 2 3 1 1 1 2 17 1 6166 1 6 5 4 3 2 2 3 1 2 1 1
3 1225 14 9 5 4 3 1 2 1 1 1 1 1 1 1 1 1 5 3 9 4 1 9 40 3 2 1 1 6 6 1 1 2 1 1 4 9 24 9 3 6 2 7 4 3 2 1 1 3 5 8 13 1 4 8 14 16 62 25 2 3 1 14 1 5 3 1 5 2 4 5 1 9 1 1 2 4 2 4 16 1 1 6154 12 11 10 3 2 1 1 1 2 1 2 3
2 9 1215 4 3 2 1 1 2 1 2 1 1 1 2 2 1 2 1 6 4 14 1 11 50 6 5 4 2 1 5 4 1 1 1 2 4 10 4 8 2 5 1 5 1 3 2 1 1 1 2 3 1 2 3 5 1 3 6 69 97 4 1 2 15 2 9 1 2 6 3 5 6 2 10 2 1 4 9 10 1 1 6116 24 16 2 1 6 5 4 3 2 1 3 4 1
1 8 1203 11 3 2 1 3 1 3 1 2 2 3 1 4 1 1 4 1 7 20 1 86 24 23 22 21 3 2 1 4 2 1 1 3 3 6 3 7 1 3 1 3 1 1 1 1 1 1 1 1 1 2 3 1 2 2 2 4 8 106 6 1 3 16 3 10 2 5 12 16 6 7 3 14 17 18 19 23 1 6112 1 3 4 13 12 11 8 7 6 5 4 5 2 21
3 4 2 1200 10 1 4 2 4 2 3 3 1 5 1 5 2 1 2 5 134 105 104 15 7 6 5 4 17 13 4 1 3 1 1 2 3 2 2 4 2 1 1 1 1 1 2 2 2 1 1 1 1 1 1 1 1 1 1 3 1 2 115 1 2 4 17 21 11 1 1 2 19 28 36 1 1 2 3 1 6108 1 1 1 1 3 2 1 2 1 1 1 6 3 22 79
2 3 1 16 1183 8 3 5 3 8 4 1 2 6 2 8 1 1 148 144 2 1 1 1 6 5 3 1 3 3 8 2 1 1 1 1 1 1 1 2 1 1 1 1 1 1 2 5 3 4 2 2 1 1 1 2 3 1 2 1 2 3 4 120 122 169 176 199 201 214 1 1 2 1 278 281 282 1 1 2 6083 6077 1 5 4 3 2 1 1 4 2 174 167 145 141 39
1 2 3 12 1132 50 22 16 12 3 2 1 9 1 3 162 152 150 1 1 1 1 1 1 2 1 1 1 1 1 2 7 2 1 1 1 1 1 1 1 1 1 2 1 3 1 2 3 6 14 17 3 3 1 1 1 1 4 1 1 2 3 4 5 6 44 2 1 1 21 236 238 239 240 1 1 2 285 2 3 1 6075 12 6 5 4 3 2 5 1 176 1 21 20 16 13
1 2 3 8 11 1120 27 18 2 1 2 10 1 5 163 1 2 1 2 1 1 2 73 24 20 3 2 1 1 1 1 3 1 1 2 3 2 2 2 1 2 2 4 1 1 4 1 2 6 7 1 21 5 2 1 1 3 5 10 12 13 14 34 36 37 1 13 18 20 1 4 6 7 8 9 10 11 12 298 299 300 6061 222 221 217 200 199 198 192 189 4 3 2 1 3 2
1 2 4 3 10 1119 2 6 15 14 11 2 6 164 5 3 7 6 2 1 89 78 2 47 5 16 15 14 3 1 1 1 1 1 1 3 6 3 3 2 3 3 6 1 2 5 1 2 3 1 8 2 27 4 1 1 2 4 6 9 12 19 1 4 8 12 4 1 1 2 1 1 2 3 4 5 6 7 8 9 10 5760 223 3 2 16 14 2 1 1 8 7 6 4 2 2
1 3 2 9 1 5 1112 1 5 4 3 7 182 17 11 10 2 1 1 90 9 1 1 34 7 4 3 2 9 4 2 1 1 2 4 6 16 1 7 3 7 1 8 1 1 8 1 1 1 4 6 9 43 2 1 1 1 1 2 2 3 3 3 3 3 3 1 6 7 8 1 2 17 18 19 20 21 1 1 1 79 5526 10 8 7 1 1 11 10 9 8 2 1 1 1 1
2 1 7 1 2 2 2 1109 2 1 8 295 112 111 110 109 99 98 97 6 7 3 1 29 4 6 5 2 1 4 1 1 2 3 4 5 1 17 2 11 8 1 10 2 2 9 1 2 4 2 1 7 1 46 4 1 1 1 1 2 2 2 2 2 2 2 4 2 3 4 13 14 16 17 24 25 47 58 67 77 2 5436 1 225 1 6 5 4 3 2 1 5 4 3 2 1
1 2 4 1 1 1 1 2 1108 9 303 7 6 5 4 3 9 7 2 5 2 1 1 11 17 3 2 2 1 1 1 1 1 2 3 4 10 29 1 3 21 1 1 13 3 10 2 1 1 5 4 1 8 48 5 3 1 1 1 1 1 1 1 1 1 1 1 1 2 5 12 15 3 6 3 6 9 7 1 8 1 1 5432 1 223 7 6 5 4 3 2 1 1 1 165 164
1 3 1 2 3 4 5 6 1103 373 8 7 6 5 4 2 2 1 4 1 4 1 1 9 13 3 2 1 1 1 2 3 2 1 1 2 9 10 30 35 23 1 1 18 1 13 1 1 2 2 6 5 2 62 5 1 2 1 1 1 1 1 1 1 1 2 3 1 2 6 2 2 2 2 2 2 5 1 1 6 1 5202 1 2 1 215 214 213 211 1 1 198 169 166 1 1
2 1 2 3 4 5 6 7 723 52 5 4 3 2 1 1 1 1 1 2 2 1 1 7 7 5 2 1 1 2 3 4 4 3 5 6 1 1 11 12 71 2 20 1 1 2 15 1 2 3 3 12 1 65 6 3 1 2 1 2 2 2 2 2 2 1 1 4 5 1 1 1 1 1 1 2 2 1 5 1 2 5200 1 5 4 3 2 1 1 209 206 1 28 20 13 2
1 3 4 5 6 7 8 9 715 3 43 7 6 4 2 1 1 3 2 1 1 1 2 4 6 1 1 1 1 2 3 5 10 15 19 20 21 23 25 38 39 72 23 2 1 2 18 2 1 3 4 4 14 72 4 2 1 4 1 3 3 1 4 7 10 4 1 2 1 1 1 1 1 1 1 1 1 2 1 1 2 5196 19 13 12 11 10 9 7 5 1 6 5 2 5 9
2 1 3 4 7 8 9 10 705 1 2 35 1 1 1 2 4 8 7 6 2 1 1 1 2 5 2 1 1 1 1 1 2 3 2 4 8 9 12 4 5 49 122 26 2 1 4 19 3 8 1 10 11 94 3 1 2 6 1 4 1 4 1 1 1 12 6 1 3 2 2 2 2 2 2 1 1 1 1 1 2 5174 12 11 10 8 2 1 1 1 4 1 5 4 1 4
1 1 1 2 1 2 3 4 689 2 1 1 33 32 23 20 15 6 2 1 3 2 1 1 1 1 1 1 2 2 1 1 1 1 1 1 2 2 3 1 4 1 2 151 3 1 1 6 26 230 239 247 259 356 2 3 1 7 2 5 2 1 5 2 2 1 13 7 2 4 3 5 1 3 3 3 2010 2013 2015 2017 2018 5159 3 2 1 1 5 4 3 2 1 2 1 3 3 1
1 1 1 2 3 4 5 6 686 7 6 5 4 2 8 6 4 2 3 2 1 1 1 2 1 1 1 2 3 1 4 2 2 1 1 1 1 1 1 2 2 5 8 9 161 5 1 2 203 2 7 4 7 364 4 2 1 8 1 3 8 1 2 6 3 3 2 14 10 5 1 4 7 1 4 2005 1 1 2 3 3109 28 18 17 9 8 7 6 5 4 3 1 1 1 1 2
1 2 4 1 2 3 4 5 672 13 11 2 1 1 1 1 1 1 1 1 2 2 1 7 3 1 2 1 3 4 6 13 4 1 1 2 1 1 1 1 2 2 2 4 10 190 191 200 1 4 3 2 1 371 1 7 2 9 1 5 9 1 4 1 7 4 4 3 15 11 7 1 12 1994 1996 1 1 1 1 2 3105 9 8 7 7 6 5 4 3 2 1 1 1 1 1 1
1 3 4 9 10 11 12 13 640 1 1 8 7 6 3 2 1 1 1 4 3 2 8 1 2 1 1 3 5 1 1 1 14 6 2 3 3 1 1 1 1 1 1 5 5 13 4 4 3 2 1 3 5 5 377 9 1 12 1 7 10 1 2 6 1 8 5 5 4 16 35 1 1980 1 1 1 16 18 20 21 3092 10 2 1 6 5 4 3 2 1 1 2 2 2 2 2
1 2 3 1 2 3 4 5 638 5 4 3 2 1 2 1 1 2 2 8 4 1 15 5 2 1 1 2 4 6 3 2 1 23 1 1 8 2 1 1 1 2 4 4 4 3 3 3 2 1 2 1 4 1 7 388 402 1 14 16 34 2 1 4 7 2 11 6 6 11 1900 1971 5 1 1 14 1 2 3 4 3070 1 7 6 5 4 3 2 1 2 3 3 3 3 3 3
1 2 1 4 5 1 2 3 627 5 4 3 2 1 1 1 2 5 1 14 1 16 4 3 2 1 1 2 3 5 7 11 4 24 2 2 9 3 3 1 1 1 2 1 3 2 2 2 1 1 1 3 1 5 3 3 1 404 1 2 428 464 472 473 478 486 1 13 530 1888 11 35 1 2 1 11 1 6 9 13 12 3039 2 1 1 1 1 5 4 1 11 4 4 4 4 3
1 2 5 7 8 25 26 48 607 11 2 1 1 3 1 2 3 7 15 2 1 21 1 3 2 1 1 2 3 9 1 1 12 31 1 1 12 4 4 3 1 1 1 1 1 1 1 1 1 1 1 1 3 2 2 1 6 8 419 425 1 5 1 2 9 17 505 510 1356 1 10 7 16 1 9 1 4 2 3 5 6 14 3022 2945 2943 2 7 1 1 12 16 15 10 5 4 4
1 5 9 10 11 11 12 21 558 8 7 6 4 1 3 1 4 84 4 1 1 28 5 1 1 1 1 3 3 16 1 2 16 32 3 1 13 1 9 5 2 1 1 1 2 3 1 1 1 3 1 1 1 1 1 4 1 6 3 2 4 3 5 6 7 1 2 2 1355 8 1 6 7 8 8 3 1 2 4 5 6 7 76 1 1 2937 1 2 13 17 1 1 15 14 9 4
3 1 2 7 10 3 8 2 21 536 4 3 2 106 102 91 86 1 57 31 29 7 6 5 3 1 1 1 5 6 17 2 3 52 4 2 1 16 10 8 2 2 1 1 1 2 6 8 11 4 2 1 1 1 2 3 5 2 1 3 2 1 1 5 1 1 1 1353 1 6 1 5 6 7 7 2 1 3 4 5 6 14 60 1 1 2928 69 66 22 4 2 16 1 7 6 5
2 1 6 2 2 4 1 18 27 418 113 112 111 4 1 9 7 4 2 23 16 8 7 5 3 1 1 3 1 1 8 39 40 43 100 5 8 115 142 11 3 2 1 2 1 1 1 2 3 15 7 2 2 1 2 1 1 1 2 1 1 1 2 1 1 1 1 1352 1 4 1 4 5 6 6 1 2 3 4 5 6 7 58 1 1 2856 1 52 51 28 27 10 8 4 3 2
1 5 1 1 3 1 17 25 1 9 381 3 2 1 2 1 1 2 3 1 6 3 1 1 1 1 1 2 6 8 13 1 2 4 1 103 106 1 2 157 3 2 3 1 2 2 1 1 2 3 26 1 6 1 1 2 3 1 1 2 1 3 4 1 1 3 1336 10 3 2 1 3 4 5 5 1 2 3 4 5 6 6 48 3 1 2 2854 4 3 2 1 1 6 1 1 12
2 2 1 2 1 15 22 2 7 1 374 3 2 1 1 2 1 1 1 1 1 1 1 1 1 1 1 2 3 4 1 2 3 1 1 1 1 1 5 8 163 1 5 1 5 1 2 1 1 2 1 27 1 7 2 1 1 5 7 1 4 26 27 34 635 1330 1 9 6 2 1 2 3 4 4 1 2 3 4 5 5 41 6 2 1 9 2847 2 1 1 9 7 1 2 13 15
1 1 1 2 13 19 2 1 6 1 1 371 3 2 4 1 1 2 1 1 1 1 1 2 2 2 1 1 2 3 6 8 14 1 2 1 2 3 1 2 174 2 6 2 6 2 3 2 1 1 3 29 2 1 8 3 5 6 10 19 21 1 2 598 1 4 694 2 1 5 1 1 2 3 3 1 2 3 4 4 40 2 3 1 7 1 2835 3 2 10 1 2 1 3 29 1
