input_data/wasim/wasim_run1/input/alm.hor
ncols	135
nrows	130
xllcorner	22597.5
yllcorner	185062.5
cellsize	100
nodata_value	-9999
[rows 90 to 119 of 130, columns 67 to 133 of 135]
0.727579 0.738884 0.883017 0.975235 0.967943 0.951671 0.943851 0.943211 0.935952 0.937599 0.942355 0.939046 0.935317 0.92575 0.915744 0.919155 0.91852 0.91072 0.905797 0.91111 0.926701 0.941863 0.940949 0.927512 0.923955 0.92425 0.929085 0.918587 0.892149 0.871925 0.905715 0.929068 0.925795 0.923551 0.924297 0.909893 0.895881 0.918626 0.925184 0.935837 0.904583 0.910576 0.895584 0.883605 0.902951 0.928556 0.947372 0.945022 0.935697 0.906568 0.87985 0.869566 0.876058 0.8939 0.889364 0.890637 0.896349 0.892091 0.89221 0.893693 0.895736 0.873642 0.857806 0.859216 0.824817 0.782689 0.73171
0.70354 0.752529 0.885176 0.976974 0.977803 0.955214 0.950698 0.938213 0.919168 0.921306 0.938018 0.940963 0.941953 0.93672 0.926489 0.920509 0.921075 0.925895 0.923433 0.930988 0.940977 0.945029 0.943072 0.930704 0.925733 0.930821 0.929335 0.923369 0.906587 0.905217 0.939908 0.946696 0.938968 0.931252 0.923374 0.907718 0.918363 0.932578 0.937569 0.926725 0.908994 0.924506 0.926981 0.933731 0.938297 0.948719 0.964563 0.96117 0.951291 0.919364 0.884737 0.856518 0.840125 0.871426 0.875603 0.888383 0.894919 0.900852 0.901858 0.89535 0.893573 0.886622 0.885168 0.882716 0.854147 0.838661 0.803168
0.655544 0.805999 0.822422 0.916899 0.951558 0.933418 0.937982 0.926955 0.915354 0.921585 0.935887 0.942581 0.941991 0.931455 0.927758 0.930462 0.93238 0.943253 0.941812 0.940168 0.94366 0.943959 0.945191 0.94103 0.933858 0.929903 0.930069 0.928036 0.925496 0.937107 0.95624 0.958412 0.951108 0.945369 0.9462 0.920032 0.921265 0.930158 0.926895 0.919019 0.915145 0.939512 0.944584 0.951259 0.952458 0.957735 0.963615 0.956398 0.94585 0.930848 0.90605 0.847462 0.793362 0.832166 0.86111 0.876564 0.895628 0.899619 0.900101 0.90011 0.900073 0.892932 0.891688 0.90038 0.887171 0.863839 0.856831
-9999 0.745806 0.749303 0.813147 0.927083 0.904253 0.913479 0.910804 0.920035 0.933533 0.934284 0.94133 0.940461 0.927001 0.935345 0.941942 0.941068 0.943394 0.93565 0.933154 0.939565 0.942116 0.94142 0.944867 0.939361 0.932271 0.933806 0.932085 0.939434 0.949705 0.953571 0.95695 0.958276 0.957495 0.946231 0.906695 0.919976 0.929531 0.922579 0.933034 0.928995 0.946241 0.946584 0.947634 0.946642 0.950757 0.953618 0.951518 0.940365 0.905047 0.920268 0.870171 0.809971 0.806115 0.84836 0.867784 0.88148 0.89192 0.896407 0.905419 0.899432 0.905035 0.901878 0.905443 0.904639 0.897794 0.888689
-9999 -9999 0.709783 0.798032 0.902229 0.90524 0.919152 0.896645 0.929396 0.92306 0.929269 0.944444 0.942188 0.938295 0.947974 0.944533 0.93996 0.937635 0.939915 0.936582 0.93795 0.935559 0.937047 0.942236 0.939205 0.937497 0.936597 0.93716 0.9454 0.948992 0.950863 0.953072 0.951816 0.947546 0.918458 0.895511 0.919413 0.932542 0.920445 0.93761 0.941404 0.941404 0.937953 0.934241 0.933232 0.937218 0.937252 0.9361 0.909102 0.837448 0.946807 0.802004 0.801674 0.821299 0.824078 0.850795 0.86496 0.884811 0.894313 0.891488 0.902164 0.905355 0.903629 0.900667 0.897053 0.90301 0.897126
-9999 -9999 -9999 -9999 0.896489 0.910735 0.906659 0.911135 0.925673 0.928214 0.939593 0.945069 0.949085 0.942576 0.939668 0.932706 0.930965 0.946252 0.949489 0.942207 0.939028 0.936872 0.941601 0.943093 0.943714 0.942487 0.942492 0.944074 0.945208 0.945343 0.947049 0.947846 0.941704 0.928732 0.901009 0.894237 0.922079 0.928201 0.930908 0.94526 0.945042 0.911273 0.912109 0.918187 0.930466 0.936688 0.926628 0.914577 0.881646 0.866261 0.901415 0.773137 0.824935 0.828671 0.830907 0.83891 0.853101 0.851544 0.877372 0.892528 0.90085 0.895837 0.904277 0.912259 0.904062 0.870388 0.858041
-9999 -9999 -9999 -9999 -9999 -9999 -9999 -9999 -9999 0.922151 0.941963 0.9425 0.943509 0.941125 0.930605 0.920955 0.936769 0.941638 0.94746 0.947087 0.949324 0.946399 0.946983 0.949834 0.953424 0.951494 0.95199 0.949751 0.948384 0.949631 0.944192 0.940507 0.93642 0.92006 0.860542 0.891762 0.920201 0.93227 0.932773 0.917384 0.906167 0.871445 0.894254 0.907897 0.915151 0.921842 0.913368 0.909594 0.86506 0.920069 0.868699 0.76937 0.826163 0.839106 0.845619 0.850804 0.856854 0.851911 0.859423 0.866135 0.879846 0.884317 0.888812 0.886266 0.857479 0.816118 0.805003
-9999 -9999 -9999 -9999 -9999 -9999 -9999 -9999 -9999 -9999 -9999 -9999 -9999 -9999 0.90811 0.915419 0.933532 0.928181 0.932931 0.943122 0.946051 0.950862 0.947518 0.946922 0.949662 0.955656 0.959038 0.952558 0.949712 0.947537 0.945619 0.94495 0.942151 0.894542 0.876001 0.915066 0.933256 0.931562 0.927717 0.888345 0.847243 0.870904 0.907391 0.912085 0.90071 0.91607 0.921997 0.911748 0.849968 0.862931 0.906836 0.758606 0.743707 0.795584 0.851414 0.852584 0.859047 0.86483 0.847979 0.808868 0.796803 0.828628 0.863741 0.843852 0.841998 0.814034 0.772692
-9999 -9999 -9999 -9999 -9999 -9999 -9999 -9999 -9999 -9999 -9999 -9999 -9999 -9999 -9999 -9999 -9999 -9999 -9999 0.91678 0.929256 0.942001 0.937748 0.928372 0.942486 0.947841 0.955433 0.95391 0.950194 0.949776 0.943753 0.93922 0.904742 0.883817 0.914085 0.945992 0.938131 0.9379 0.924423 0.864905 0.864406 0.904861 0.930156 0.929662 0.917194 0.924158 0.928788 0.924626 0.886981 0.875058 0.88717 0.878805 0.902698 0.839756 0.823736 0.819139 0.815111 0.828829 0.804525 0.764643 0.829845 0.798659 0.833538 0.852832 0.82318 0.794782 0.819474
-9999 -9999 -9999 -9999 -9999 -9999 -9999 -9999 -9999 -9999 -9999 -9999 -9999 -9999 -9999 -9999 -9999 -9999 -9999 -9999 -9999 -9999 -9999 0.927399 0.942322 0.939239 0.946395 0.949551 0.950286 0.945332 0.930187 0.893172 0.835308 0.861309 0.914583 0.936976 0.934371 0.894662 0.876605 0.868249 0.894244 0.932808 0.958444 0.947004 0.934046 0.947558 0.935733 0.909069 0.874881 0.836996 0.764933 0.692814 0.735097 0.787778 0.910515 0.944727 0.898468 0.876535 0.891815 0.967448 0.831203 0.774867 0.813596 0.833541 0.814233 0.812001 0.80815
-9999 -9999 -9999 -9999 -9999 -9999 -9999 -9999 -9999 -9999 -9999 -9999 -9999 -9999 -9999 -9999 -9999 -9999 -9999 -9999 -9999 -9999 -9999 -9999 -9999 -9999 -9999 0.943735 0.933854 0.923266 0.900818 0.829914 0.740577 0.843429 0.923015 0.940348 0.91927 0.829072 0.847882 0.887822 0.926716 0.948134 0.945401 0.93731 0.929932 0.916194 0.880934 0.856315 0.918239 0.76757 0.806022 0.781258 0.787857 0.787098 0.80551 0.785015 0.772291 0.849656 0.782121 0.804347 0.79164 0.856456 0.875633 0.888069 0.827571 0.79309 0.784128
-9999 -9999 -9999 -9999 -9999 -9999 -9999 -9999 -9999 -9999 -9999 -9999 -9999 -9999 -9999 -9999 -9999 -9999 -9999 -9999 -9999 -9999 -9999 -9999 -9999 -9999 -9999 -9999 0.908986 0.922231 0.876539 0.785001 0.8055 0.914696 0.932883 0.931902 0.885127 0.860318 0.881418 0.911529 0.936667 0.940008 0.942731 0.93217 0.88982 0.843927 0.835243 0.94521 0.791978 0.75152 0.799892 0.807054 0.814792 0.839402 0.851642 0.851212 0.715337 0.713138 0.662755 0.791153 0.794538 0.773171 0.772376 0.816048 0.899239 0.908168 0.891826
-9999 -9999 -9999 -9999 -9999 -9999 -9999 -9999 -9999 -9999 -9999 -9999 -9999 -9999 -9999 -9999 -9999 -9999 -9999 -9999 -9999 -9999 -9999 -9999 -9999 -9999 -9999 -9999 -9999 0.912107 0.86116 0.765307 0.879498 0.926166 0.937892 0.900154 0.890887 0.911904 0.929724 0.931134 0.934104 0.934023 0.934707 0.893351 0.829123 0.823193 0.918621 0.758645 0.765318 0.787657 0.842207 0.850162 0.851881 0.863052 0.852605 0.845859 0.80447 0.765718 0.680344 0.76515 0.763705 0.763889 0.784508 0.727266 0.766937 0.768509 0.787877
-9999 -9999 -9999 -9999 -9999 -9999 -9999 -9999 -9999 -9999 -9999 -9999 -9999 -9999 -9999 -9999 -9999 -9999 -9999 -9999 -9999 -9999 -9999 -9999 -9999 -9999 -9999 -9999 -9999 0.902493 0.844966 0.765871 0.919478 0.937176 0.945149 0.922634 0.932151 0.952348 0.956875 0.95187 0.95171 0.941048 0.909864 0.851585 0.826876 0.884814 0.735241 0.753814 0.798796 0.806065 0.825333 0.865111 0.865008 0.864149 0.869334 0.84063 0.789929 0.740268 0.734919 0.814521 0.814069 0.783032 0.756223 0.717957 0.733689 0.702601 0.731029
-9999 -9999 -9999 -9999 -9999 -9999 -9999 -9999 -9999 -9999 -9999 -9999 -9999 -9999 -9999 -9999 -9999 -9999 -9999 -9999 -9999 -9999 -9999 -9999 -9999 -9999 -9999 -9999 -9999 -9999 0.852331 0.902196 0.956026 0.928588 0.915742 0.91929 0.935245 0.946191 0.953907 0.955769 0.953279 0.934959 0.880217 0.808857 0.964486 0.725145 0.720132 0.741312 0.763508 0.743919 0.770119 0.820873 0.828542 0.824777 0.822886 0.818393 0.771647 0.72981 0.773416 0.797471 0.768815 0.767602 0.771944 0.775765 0.763796 0.717536 0.715299
-9999 -9999 -9999 -9999 -9999 -9999 -9999 -9999 -9999 -9999 -9999 -9999 -9999 -9999 -9999 -9999 -9999 -9999 -9999 -9999 -9999 -9999 -9999 -9999 -9999 -9999 -9999 -9999 -9999 -9999 0.861361 0.889062 0.941327 0.937259 0.924143 0.93125 0.937016 0.94721 0.957992 0.970142 0.959526 0.939396 0.90036 0.851274 0.826183 0.797389 0.755792 0.757794 0.78044 0.803327 0.782069 0.763798 0.766823 0.766673 0.741088 0.722153 0.747493 0.78472 0.808875 0.819587 0.791721 0.776105 0.76491 0.777286 0.781589 0.780994 0.794388
-9999 -9999 -9999 -9999 -9999 -9999 -9999 -9999 -9999 -9999 -9999 -9999 -9999 -9999 -9999 -9999 -9999 -9999 -9999 -9999 -9999 -9999 -9999 -9999 -9999 -9999 -9999 -9999 -9999 -9999 -9999 0.91108 0.925991 0.932951 0.930546 0.946591 0.940309 0.935944 0.943472 0.952565 0.940112 0.892882 0.798436 0.620498 0.743528 0.760859 0.791604 0.779814 0.778351 0.735331 0.682288 0.699783 0.710714 0.723669 0.750953 0.762562 0.771532 0.78987 0.778863 0.785934 0.778904 0.791407 0.781706 0.804032 0.812839 0.78902 0.774151
-9999 -9999 -9999 -9999 -9999 -9999 -9999 -9999 -9999 -9999 -9999 -9999 -9999 -9999 -9999 -9999 -9999 -9999 -9999 -9999 -9999 -9999 -9999 -9999 -9999 -9999 -9999 -9999 -9999 -9999 -9999 -9999 0.918516 0.927569 0.926277 0.884157 0.830458 0.844905 0.89175 0.875867 0.79916 0.693565 0.671788 0.610455 0.713788 0.684072 0.703105 0.702567 0.730252 0.730508 0.75114 0.76443 0.760219 0.767784 0.785613 0.79511 0.796363 0.800327 0.81189 0.774915 0.77534 0.775401 0.787826 0.774851 0.772417 0.753353 0.748102
-9999 -9999 -9999 -9999 -9999 -9999 -9999 -9999 -9999 -9999 -9999 -9999 -9999 -9999 -9999 -9999 -9999 -9999 -9999 -9999 -9999 -9999 -9999 -9999 -9999 -9999 -9999 -9999 -9999 -9999 -9999 0.940636 0.926816 0.894355 0.857161 0.832128 0.927163 0.88542 0.800367 0.70413 0.624032 0.628205 0.651687 0.656996 0.66603 0.6767 0.703673 0.732048 0.755178 0.778901 0.775435 0.795871 0.796893 0.796864 0.797558 0.818094 0.825011 0.819244 0.803074 0.801748 0.818194 0.811548 0.784926 0.761589 0.744847 0.729459 0.716714
-9999 -9999 -9999 -9999 -9999 -9999 -9999 -9999 -9999 -9999 -9999 -9999 -9999 -9999 -9999 -9999 -9999 -9999 -9999 -9999 -9999 -9999 -9999 -9999 -9999 -9999 -9999 -9999 -9999 -9999 0.93262 0.926461 0.918242 0.88372 0.807872 0.956461 0.714454 0.709831 0.741875 0.650677 0.702688 0.72337 0.728688 0.741906 0.750856 0.764006 0.771469 0.785822 0.798269 0.813545 0.806865 0.805122 0.793077 0.809221 0.799465 0.799213 0.821268 0.811939 0.785466 0.767151 0.813158 0.7809 0.760939 0.736949 0.741534 0.728877 0.750355
-9999 -9999 -9999 -9999 -9999 -9999 -9999 -9999 -9999 -9999 -9999 -9999 -9999 -9999 -9999 -9999 -9999 -9999 -9999 -9999 -9999 -9999 -9999 -9999 -9999 -9999 -9999 -9999 -9999 0.928455 0.931213 0.904672 0.900264 0.89126 0.830108 0.843743 0.713172 0.767533 0.768527 0.751733 0.746507 0.750775 0.757355 0.788251 0.785862 0.800286 0.791217 0.811344 0.825158 0.835956 0.845518 0.836002 0.823394 0.831766 0.828563 0.838914 0.826361 0.796698 0.813099 0.769905 0.749286 0.739794 0.749227 0.743 0.757475 0.770039 0.803568
-9999 -9999 -9999 -9999 -9999 -9999 -9999 -9999 -9999 -9999 -9999 -9999 -9999 -9999 -9999 -9999 -9999 -9999 -9999 -9999 -9999 -9999 -9999 -9999 -9999 -9999 -9999 -9999 0.841477 0.893849 0.912495 0.898743 0.914727 0.899145 0.943307 0.810693 0.700426 0.770963 0.79575 0.808868 0.823917 0.820529 0.791652 0.775078 0.790175 0.808745 0.788335 0.819169 0.826117 0.8348 0.832367 0.858435 0.832306 0.824605 0.846489 0.828822 0.80135 0.761208 0.752707 0.76047 0.75606 0.7458 0.75766 0.788446 0.789729 0.806545 0.799839
-9999 -9999 -9999 -9999 -9999 -9999 -9999 -9999 -9999 -9999 -9999 -9999 -9999 -9999 -9999 -9999 -9999 -9999 -9999 -9999 -9999 -9999 -9999 -9999 -9999 -9999 -9999 0.870255 0.824509 0.865387 0.904627 0.930271 0.952493 0.931155 0.865805 0.780186 0.760751 0.794532 0.810455 0.800525 0.818298 0.837022 0.847225 0.847233 0.786556 0.785442 0.795816 0.832897 0.837367 0.825381 0.779817 0.828612 0.812896 0.823869 0.796496 0.767609 0.779273 0.777386 0.78641 0.775743 0.744494 0.747532 0.754924 0.782088 0.783739 0.792689 0.75563
-9999 -9999 -9999 -9999 -9999 -9999 -9999 -9999 -9999 -9999 -9999 -9999 -9999 -9999 -9999 -9999 -9999 -9999 -9999 -9999 -9999 -9999 -9999 -9999 -9999 -9999 0.884603 0.846979 0.831142 0.856336 0.884616 0.930414 0.938323 0.897406 0.847824 0.798531 0.782923 0.785131 0.769378 0.788399 0.803215 0.821609 0.789904 0.797821 0.798249 0.848388 0.826674 0.823965 0.817614 0.830446 0.782804 0.776508 0.784139 0.768479 0.767612 0.763443 0.779235 0.774517 0.790973 0.769374 0.762783 0.754608 0.758525 0.739329 0.734932 0.689032 0.649826
-9999 -9999 -9999 -9999 -9999 -9999 -9999 -9999 -9999 -9999 -9999 -9999 -9999 -9999 -9999 -9999 -9999 -9999 -9999 -9999 -9999 -9999 -9999 -9999 -9999 0.886813 0.873487 0.861358 0.836732 0.841656 0.861772 0.908131 0.87795 0.819265 0.805773 0.753579 0.794459 0.806538 0.807101 0.824678 0.829666 0.842164 0.806677 0.776124 0.785377 0.816081 0.810578 0.850569 0.823655 0.826476 0.81543 0.758266 0.805372 0.752874 0.768982 0.760296 0.759963 0.736049 0.751411 0.750126 0.755314 0.738105 0.708259 0.725003 0.669048 0.643665 0.646889
-9999 -9999 -9999 -9999 -9999 -9999 -9999 -9999 -9999 -9999 -9999 -9999 -9999 -9999 -9999 -9999 -9999 -9999 -9999 -9999 -9999 -9999 -9999 -9999 0.88511 0.901742 0.852567 0.868071 0.859635 0.823391 0.886325 0.716084 0.69946 0.676753 0.766918 0.781764 0.801955 0.789989 0.80709 0.845688 0.831458 0.831528 0.834639 0.840143 0.826785 0.817968 0.79622 0.824635 0.804958 0.798327 0.80453 0.783956 0.778952 0.767649 0.746537 0.721067 0.744126 0.729044 0.732417 0.737804 0.760154 0.699976 0.68791 0.668597 0.644344 0.647206 0.68257
-9999 -9999 -9999 -9999 -9999 -9999 -9999 -9999 -9999 -9999 -9999 -9999 -9999 -9999 -9999 -9999 -9999 -9999 -9999 -9999 -9999 -9999 -9999 0.737323 0.803386 0.874973 0.86312 0.871143 0.882764 0.83974 0.744855 0.70491 0.658065 0.649507 0.630424 0.762553 0.825341 0.751288 0.757587 0.777924 0.789194 0.78229 0.733782 0.773404 0.721043 0.738239 0.744625 0.797955 0.7969 0.771533 0.732784 0.793094 0.762994 0.762059 0.752217 0.758478 0.755485 0.765758 0.740986 0.699053 0.698062 0.689784 0.644501 0.634513 0.678048 0.706431 0.730725
-9999 -9999 -9999 -9999 -9999 -9999 -9999 -9999 -9999 -9999 -9999 -9999 -9999 -9999 -9999 -9999 -9999 -9999 -9999 -9999 -9999 -9999 -9999 0.661675 0.666168 0.690975 0.846591 0.886515 0.79932 0.768977 0.763752 0.704847 0.689669 0.677414 0.6336 0.664581 0.751065 0.847874 0.775665 0.780627 0.790847 0.801939 0.779256 0.807445 0.798792 0.798704 0.79865 0.773373 0.762356 0.779502 0.782945 0.76578 0.732843 0.762167 0.753381 0.774027 0.775065 0.760705 0.743323 0.72393 0.690687 0.674934 0.66151 0.6714 0.719814 0.744088 0.752245
-9999 -9999 -9999 -9999 -9999 -9999 -9999 -9999 -9999 -9999 -9999 -9999 -9999 -9999 -9999 -9999 -9999 -9999 -9999 -9999 -9999 -9999 -9999 0.730882 0.661662 0.757402 0.78663 0.775758 0.713309 0.725068 0.747402 0.765953 0.720009 0.710656 0.690668 0.643794 0.680031 0.716249 0.801279 0.862767 0.848216 0.840127 0.812549 0.794659 0.774702 0.776466 0.795665 0.741438 0.742885 0.73637 0.715476 0.743415 0.758264 0.770127 0.777745 0.772094 0.763999 0.756894 0.749844 0.724344 0.676411 0.699943 0.714656 0.7289 0.739898 0.761003 0.789608
-9999 -9999 -9999 -9999 -9999 -9999 -9999 -9999 -9999 -9999 -9999 -9999 -9999 -9999 -9999 -9999 -9999 -9999 -9999 -9999 -9999 -9999 0.748466 0.708573 0.611531 0.789541 0.754708 0.716594 0.779248 0.71057 0.690499 0.728654 0.759002 0.740769 0.728128 0.712212 0.685508 0.690187 0.727089 0.777601 0.805096 0.841434 0.85573 0.8217 0.804218 0.817536 0.79795 0.772106 0.728419 0.667839 0.718297 0.769771 0.781637 0.77259 0.78229 0.770754 0.756292 0.730707 0.713605 0.676223 0.696999 0.735494 0.734637 0.732384 0.750368 0.778696 0.784592
