input_data/wasim/wasim_run1/input/alm.fzt
ncols	135
nrows	130
xllcorner	22597.5
yllcorner	185062.5
cellsize	100
nodata_value	-9999
[rows 0 to 31 of 130, columns 0 to 70 of 135]
601.458 826.83 796.179 796.001 805.911 577.154 555.674 533.408 535.444 551.157 585.294 606.459 616.066 886.221 905.507 933.195 651.569 635.19 902.025 638.111 621.091 579.858 548.184 522.021 516.409 554.068 572.114 561.86 532.071 567.933 955.064 833.057 903.247 1193.76 764.253 1021.74 705.421 691.648 688.959 946.542 921.619 942.234 694.374 984.711 917.17 840.54 785.877 756.514 735.329 745.671 593.044 700.575 874.339 62.1244 62.1244 62.1244 62.1244 62.1244 62.1244 62.1244 62.1244 62.1244 484.136 490.154 489.267 659.141 479.133 483.02 710.085 710.792 530.382
562.953 850.59 553.799 519.006 625.85 582.107 537.798 529.41 512.392 569.469 594.09 633.084 615.874 862.112 946.29 933.418 671.114 874.382 604.776 994.102 872.384 775.5 767.525 741.783 675.688 771.156 1047.09 501.852 699.77 818.47 709.017 1414.21 1414.21 1043.98 740.585 746.733 652.371 708.89 703.933 654.667 898.059 917.58 741.594 1035.82 892.124 798.507 773.016 738.271 731.404 716.113 569.476 899.24 883.534 656.184 867.597 592.748 559.835 528.675 713.027 424.439 449.497 481.364 465.688 751.472 483.059 456.841 437.577 572.112 458.869 714.944 778.601
525.861 482.188 807.228 861.536 580.785 546.619 514.132 517.011 540.89 634.923 669.586 1120.18 1033.62 863.246 759.684 889.564 705.547 491.407 718.388 1053.56 719.612 1086.07 773.952 517.344 514.95 916.731 771.204 702.216 526.797 526.962 727.674 841.132 1414.21 711.69 1407 827.605 1111.32 728.74 1047.56 995.983 890.85 856.626 698.941 683.823 945.125 806.342 780.943 765.689 549.165 631.529 67.0063 1010.1 721.56 866.195 823.077 785.756 540.159 488.688 424.364 601.396 760.621 470.195 463.938 521.681 673.37 463.103 1067.16 696.996 456.161 460.155 493.544
494.559 672.717 733.441 792.473 546.247 507.593 532.73 545.016 937.333 1092 1210.33 933.714 1377.9 755.677 658.466 93.0399 797.91 465.555 742.634 813.53 818.859 558.768 498.658 517.571 528.164 623.841 591.375 828.486 615.797 615.738 1236.04 949.51 1414.21 873.562 1000 1414.21 984.686 839.224 1354 1071.37 802.105 615.911 674.435 924.516 829.029 752.603 769.846 549.093 47.3806 67.0063 1346.74 738.727 872.471 784.06 505.243 713.014 716.499 438.654 443.836 420.487 599.647 402.981 450.759 468.303 684.973 624.793 473.012 459.921 482.611 520.724 496.478
501.567 496.817 711.473 516.519 497.535 519.206 584.061 1035.26 50.6818 35.8374 35.8374 35.8374 35.8374 35.8374 35.8374 93.0399 717.188 610.072 68.9438 663.606 653.127 609.336 530.068 564.866 629.76 797.992 826.458 959.478 1089.85 754.094 754.909 103.334 1414.21 965.425 1000 1000 1000 108.566 1000 667.245 628.927 1162.8 1047.92 974.064 816.954 786.488 553.106 67.0063 1414.21 777.904 709.107 580.624 536.801 670.845 599.95 615.68 645.174 635.412 596.826 591.315 472.098 569.455 549.823 445.47 822.932 466.563 479.155 510.074 519.34 502.234 496.812
59.575 543.082 493.138 485.927 470.481 837.536 50.6818 35.8374 773.746 703.016 646.579 886.239 797.311 743.03 696.21 74.2737 1126.31 97.5013 68.9438 577.045 549.145 560.603 543.533 525.246 529.184 928.97 703.955 595.737 1007.04 772.318 1414.21 1000 73.0683 73.0683 73.0683 103.334 1414.21 1000 108.566 1414.21 922.798 595.443 1013.01 1080.75 608.731 611.887 52.5073 68.4654 733.542 675.932 620.425 533.641 656.218 537.229 538.659 582.943 476.954 616.003 474.511 1414.21 761.765 616.304 622.907 1000 559.107 434.827 449.946 493.129 510.232 506.015 743.177
59.575 490.528 488.286 826.647 50.6818 35.8374 664.275 764.521 635.905 551.756 514.305 779.26 517.179 670.895 711.237 649.155 74.2737 635.847 735.6 717.862 845.687 875.352 730.471 690.288 680.952 1069.94 529.527 537.439 625.599 906.914 1000 98.2554 1000 1000 1000 1349.21 103.334 933.047 929.561 108.566 690.944 582.874 893.192 639.224 55.0663 52.5073 918.47 68.4654 736.137 654.98 564.537 633.062 404.446 505.265 548.741 620.633 471.472 739.833 1155.85 516.146 555.476 527.278 474.97 456.641 560.548 835.373 677.446 698.931 670.05 467.258 511.044
59.575 50.6818 35.8374 35.8374 579.02 602.058 945.437 549.536 496.331 655.079 706.562 694.529 715.675 665.261 764 590.102 1010.1 624.465 736.082 816.719 1083.03 543.993 460.953 640.028 726.616 825.613 793.213 866.863 546.102 621.933 1414.21 852.891 98.2554 964.389 899.906 1133.63 1067.6 103.334 967.699 907.765 108.566 819.879 581.922 77.8755 1000 987.029 108.682 711.079 96.8247 590.712 492.786 650.366 564.957 549.522 670.791 861.613 488.971 661.576 480.146 907.757 1164.13 1013.12 591.181 486.496 468.036 484.251 815.115 784.807 747.897 465.868 476.839
1032.33 557.41 560.925 825.962 569.195 591.274 521.645 706.046 681.7 663.22 680.723 454.462 688.69 648.772 808.178 539.886 1010.1 75.4647 737.159 573.994 1003.4 701.291 414.805 683.1 791.809 857.716 917.543 1006.86 978.921 622.857 601.205 659.235 872.948 98.2554 782.705 1110.39 1066.88 998.636 103.334 876.719 604.439 726.529 77.8755 1000 1286.46 108.682 634.455 561.112 560.968 707.508 667.381 681.737 641.781 736.49 971.142 1191.15 706.399 474.713 578.621 1315.58 1414.21 1414.21 738.63 629.354 835.21 498.297 721.298 749.137 767.568 542.395 549.56
526.259 746.378 764.33 549.591 531.841 499.095 493.248 683.258 460.246 674.458 661.76 734.645 472.206 732.245 1250.9 581.012 695.433 650.678 75.4647 53.3616 795.952 815.465 725.993 423.413 579.452 512.17 718.724 843.467 574.552 639.636 783.704 65.6526 65.6526 88.6974 69.4771 994.347 49.7061 49.7061 49.7061 849.226 1053.9 1000 816.406 1428.5 780.057 76.8499 540.666 525.157 506.732 615.917 646.134 785.643 780.487 477.087 597.31 926.753 996.093 517.34 529.663 645.343 1168.5 783.8 1111.8 837.657 1147.56 901.669 924.808 624.054 599.305 872.281 675.638
498.886 663.891 417.083 464.149 723.511 692.847 657.974 702.947 728.176 690.065 495.573 758.812 541.058 765.176 1109.68 1067.41 685.143 612.068 682.265 945.639 75.4647 601.683 443.731 426.359 1414.21 477.777 472.848 534.183 684.75 1414.21 1414.21 625.653 557.985 88.6974 88.6974 70.295 1414.21 728.683 706.227 177.522 1000 66.158 742.741 762.228 888.226 586.513 810.836 826.589 516.601 692.349 541.284 473.712 654.139 636.756 955.795 736.432 1046.21 707.864 487.646 519.421 632.6 812.029 1414.21 122.555 1074.99 1085 723.513 723.265 661.618 618.434 977.104
490.971 476.69 410.499 543.122 428.227 728.686 795.874 780.415 537.398 755.887 729.089 801.213 788.515 626.503 747.271 1050.52 624.796 584.914 703.53 1205.29 1000 911.554 483.055 452.832 1000 517.482 562.468 556.329 672.428 1264.62 941.197 1071.63 829.036 601.8 868.332 1000 113.569 803.992 674.118 125.527 1347.8 46.7808 662.345 648.918 614.91 659.875 812.523 845.463 640.951 783.18 517.001 502.111 650.754 726.106 1182.43 842.264 885.879 827.177 473.675 473.575 548.852 684.9 823.783 1428.5 86.6593 770.136 1112.44 1256.42 737.323 37.3994 37.3994
117.988 521.404 422.067 380.807 416.29 717.233 616.344 459.376 688.791 459.298 756.519 840.353 506.225 1000 670.358 550.296 591.846 570.507 821.458 1236.57 833.094 801.226 461.432 460.044 931.204 494.428 509.559 817.989 798.87 575.05 629.612 862.511 839.309 898.288 653.627 113.569 904.861 1123.17 1069.25 665.705 692.207 46.7808 675.086 650.632 1184.97 627.204 500.263 713.748 916.387 770.692 454.461 530.844 634.681 1000 701.604 608.01 484.753 525.568 999.028 511.077 482.709 540.082 708.595 816.503 37.3994 37.3994 37.3994 37.3994 52.8908 1414.21 1026.83
83.4298 618.22 446.52 419.742 612.812 477.451 530.314 465.221 460.387 450.495 668.804 463.717 492.425 504.273 763.484 461.634 555.905 795.107 898.366 1253.36 511.369 426.792 707.68 1103.7 535.975 631.451 1089.42 853.381 527.938 485.295 716.727 832.452 565.03 857.893 1211.3 80.3051 1087.38 879.212 882.344 587.447 592.97 590.356 66.158 768.653 800.409 536.835 658.66 490.827 493.731 802.891 832.155 626.507 507.027 460.685 468.934 464.915 488.315 504.799 502.176 579.932 699.178 814.239 739.362 834.553 914.274 1057.24 886.5 555.681 574.651 597.095 627.609
23.8565 57.0962 524.312 399.819 387.316 467.008 593.459 495.528 706.513 687.541 424.782 473.442 466.893 443.085 599.193 478.119 521.9 473.91 907.163 769.174 516.495 1000 598.715 488.134 453.741 478.289 475.137 623.398 922.307 796.258 494.429 476.4 539.222 643.824 113.569 1000 1371.94 904.002 545.423 535.127 537.974 595.873 46.7808 818.555 675.149 708.652 647.462 776.396 469.4 474.66 813.5 1148.67 549.955 825.42 533.565 835.394 539.625 577.526 745.562 538.709 832.705 680.554 1000 896.546 537.881 556.764 817.642 568.401 571.85 592.695 767.597
23.8565 1098.71 57.0962 391.276 363.81 461.582 928.436 57.0962 40.3731 379.651 386.982 428.479 675.14 685.179 768.699 641.334 618.715 790.834 1034.15 1000 581.514 454.412 479.251 472.059 495.56 543.568 843.362 819.759 490.675 535.106 768.568 444.625 506.7 896.679 617.128 1106.09 687.922 582.628 536.328 628.717 679.673 822.158 46.7808 1010.1 599.964 658.088 658.589 756.578 466.015 512.337 637.029 528.539 837.361 1000 1227.03 772.917 919.565 689.136 670.137 742.428 1319.79 1069.38 613.148 678.954 1000 1000 870.159 1015.66 607.777 557.251 593.41
23.8565 1003.55 894.823 57.0962 40.3731 40.3731 40.3731 445.772 587.832 562.785 426.637 474.826 506.778 497.839 476.963 752.211 1256.78 801.702 712.526 549.845 485.385 479.907 554.071 559.483 578.81 933.307 1054.96 1358.53 1118.64 548.261 617.885 501.166 623.555 540.77 767.602 520.867 483.471 821.205 744.597 757.818 887.647 107.277 974.994 755.415 486.629 655.716 649.098 709.321 583.86 527.526 521.367 615.479 1257.04 984.616 85.9046 736.43 1029.73 1119.71 760.711 1414.21 1414.21 1364.77 907.497 682.939 592.42 900.688 843.136 581.036 815.685 783.021 830.419
23.8565 746.153 732.295 524.621 421.347 418.708 614.383 610.097 619.538 654.246 700.194 514.79 494.644 449.738 470.515 748.805 555.834 721.731 699.84 797.977 568.375 582.407 959.208 638.164 685.976 81.023 57.2919 57.2919 1000 668.591 490.814 1414.21 589.193 469.742 470.821 471.118 742.047 1121.9 738.041 75.8565 107.277 735.049 1013.92 533.473 653.368 666.097 683.367 739.218 733.964 496.372 537.543 949.322 741.553 85.9046 886.971 60.7437 60.7437 85.9046 148.743 869.49 817.06 762.269 1212.28 789.889 941.95 597.122 553.678 804.035 785.478 757.555 784.861
702.175 33.7382 1125.73 505.196 449.668 417.243 384.798 431.443 659.637 456.091 696.241 702.936 759.067 785.06 620.561 513.284 869.159 480.032 777.571 1018.24 1077.08 760.861 1194.34 779.682 57.2919 972.51 720.47 733.125 1114.64 614.713 1033.15 590.196 1051.67 427.384 477.284 524.815 580.057 869.65 107.277 1196.98 728.589 600.083 491.575 494.053 711.514 763.013 686.404 623.645 530.791 479.44 505.117 572.184 896.922 632.924 619.034 645.209 665.35 712.298 85.9046 148.743 741.538 802.128 1167.22 1068.26 926.39 783.226 568.922 879.702 776.549 747.151 707.329
643.52 586.744 33.7382 710.712 714.843 376.517 371.41 735.792 706.04 495.798 709.076 464.137 677.444 710.989 703.452 466.036 776.088 768.107 639.77 973.324 1104.83 803.289 1262.17 991.015 81.023 606.429 872.783 659.137 520.657 716.448 1021.26 1070.77 593.042 470.628 489.525 695.436 844.154 1101.96 750.948 663.878 516.654 501.966 429.838 472.849 687.868 889.039 772.539 553.535 931.773 648.259 680.516 701.276 480.402 753.43 743.712 682.78 741.158 504.604 571.866 60.7437 68.1803 1379.34 782.253 1150.75 987.803 957.149 1007.67 879.776 766.266 742.51 744.591
585.123 561.408 23.8565 830.19 819.916 412.99 404.88 629.952 664.965 639.114 686.095 671.65 669.914 466.122 761.888 545.02 544.009 809.523 813.71 967.961 657.562 1328.16 922.906 61.0526 65.131 65.131 65.131 65.131 569.578 540.856 657.075 1031.51 699.586 696.01 453.341 705.678 798.975 599.633 685.68 561.071 463.283 427.364 609.723 430.904 596.348 546.75 1096.05 493.475 565.935 797.203 883.964 573.481 716.408 673.049 691.02 472.98 682.946 678.571 462.573 525.819 697.951 68.1803 847.365 1248.9 1090.66 1093.45 1056.87 835.415 558.288 583.541 651.069
816.918 557.031 555.867 33.7382 877.421 489.825 637.879 636.75 572.848 593.721 659.697 702.458 494.352 441.528 432.335 492.605 714.711 794.821 587.091 630.548 61.0526 43.1707 43.1707 846.156 681.289 730.774 744.862 664.661 797.987 492.081 595.409 662.53 684.049 675.729 646.972 649.721 635.384 415 453.184 498.414 583.09 389.943 658.431 469.966 914.282 485.465 803.531 766.13 649.907 499.217 609.632 758.042 1414.21 821.828 540.841 821.57 816.487 790.191 705.026 699.433 534.008 637.568 68.1803 1176.53 1039.24 1027.98 631.226 1010.1 923.801 798.698 714.314
588.509 610.202 709.431 854.485 33.7382 962.767 500.436 702.191 662.832 576.208 412.312 726.336 479.037 700.687 451.573 444.086 659.135 831.495 61.0526 43.1707 878.411 953.031 1000 1000 1259.16 597.291 500.266 469.463 539.559 572.777 976.166 826.921 459.573 1204.29 753.196 764.889 496.058 458.119 424.837 457.509 643.823 1098.71 1000 1305.13 538.2 510.026 532.159 1106.11 956.906 534.04 493.974 466.851 491.083 1291.01 590.505 541.842 920.663 614.868 799.351 539.84 524.031 583.632 696.178 48.2108 48.2108 47.2778 47.2778 39.1248 39.1248 55.3309 1359.09
590.558 613.074 1025.76 819.704 38.3225 1428.5 1010.1 589.392 496.782 434.914 463.46 691.897 740.502 539.439 826.572 61.0526 43.1707 43.1707 1000 1000 1414.21 1000 973.87 947.378 775.694 450.465 722.251 600.58 407.282 717.317 825.206 1084.82 535.796 689.535 848.843 794.135 933.942 759.217 934.39 1000 579.533 479.492 462.121 864.461 800.092 632.712 593.738 922.007 630.309 659.934 1211.89 627.707 469.471 683.727 1362.19 877.938 805.509 786.407 821.081 562.112 552.792 569.185 649.248 771.334 821.717 59.1205 782.575 737.82 740.158 1010.1 37.5039
796.674 784.1 816.437 633.264 719.751 54.1962 1428.5 742.565 539.351 456.858 683.405 763.376 820.442 813.415 61.0526 818.901 984.51 905.558 1414.21 1000 1000 1000 63.9799 1010.1 635.404 494.974 417.258 398.952 619.304 1120.03 473.427 704.937 1076.04 764.66 747.794 820.383 501.721 478.355 477.287 492.507 509.833 506.493 504.113 962.584 650.09 699.721 709.803 566.461 696.007 1283.37 1414.21 68.7641 640.849 487.492 1018.56 570.241 576.961 574.805 576.416 577.328 617.179 660.199 59.1205 59.1205 83.609 1364.26 771.22 676.555 1049.88 698.39 688.757
754.849 716.584 740.765 540.824 551.394 38.3225 842.991 1414.21 1109.25 510.837 489.511 805.787 802.252 61.0526 798.466 520.157 886.508 830.753 1000 1000 63.9799 45.2406 690.446 83.7003 653.231 849.082 505.745 445.329 357.748 402.345 1134.48 511.996 986.098 993.944 829.117 856.106 573.578 883.354 633.308 586.981 602.832 974.237 590.676 843.156 1184.11 954.82 761.645 591.545 1008.92 1189.05 1171.91 1331.93 48.6236 813.429 716.463 715.418 509.14 536.665 596.04 604.733 580.294 910.81 945.281 559.561 679.606 1414.21 1366.66 1069.44 687.767 1076.81 1053.92
751.804 727.77 741.374 719.249 730.13 530.59 54.1962 1414.21 1414.21 680.353 570.787 865.193 61.0526 613.819 583.196 495.897 536.778 821.742 1414.21 63.9799 1000 599.854 536.111 59.185 971.583 850.473 474.521 479.7 712.124 468.044 495.537 707.766 625.726 518.056 558.169 606.758 1061.95 1277.57 1290.8 820.337 775.33 1414.21 734.493 531.714 712.828 820.541 1115.74 979.636 857.108 718.004 1281 817.16 68.7641 624.704 433.084 912.63 735.383 633.767 731.8 763.842 759.584 531.034 833.133 821.229 828.822 978.513 817.124 688.035 665.357 1097.66 723.818
830.65 814.815 752.646 530.768 755.828 521.676 584.605 54.1962 1000 823.407 940.977 49.3337 45.2406 45.2406 45.2406 45.2406 45.2406 45.2406 45.2406 919.94 639.307 459.259 633.379 59.185 1055.69 778.729 409.418 377.127 565.168 541.791 584.526 558.574 603.602 571.007 534.903 895.173 1141.7 913.928 1414.21 1323.93 916.074 1388.64 1294.55 617.361 535.361 649.498 749.571 612.09 871.762 1115.94 824.125 1016.37 1123.64 48.6236 493.125 411.456 1229.89 758.517 682.357 763.276 778.236 748.143 730.554 772.771 847.084 598.52 914.424 662.535 590.024 629.76 704.978
723.798 1153.38 621.108 914.459 880.561 799.24 558.677 693.803 54.1962 916.297 49.3337 567.538 560.188 516.013 517.178 534.199 854.212 606.046 624.199 588.444 489.579 627.413 1165.04 725.51 995.382 641.196 353.677 491.861 590.197 535.235 779.407 908.004 664.098 580.624 568.441 586.688 697.428 105.889 1414.21 716.843 72.9183 1134.7 1414.21 797.35 1094.51 642.43 967.31 908.027 884.42 947.122 1046.83 1093.34 898.618 48.6236 856.98 641.841 468.786 1313.62 830.895 820.751 897.467 960.046 842.921 769.919 824.707 882.701 924.086 587.469 537.64 595.602 714.172
1308.98 1414.21 904.931 664.971 690.354 602.244 560.723 675.014 38.3225 699.755 705.675 548.377 481.709 470.552 453.025 448.146 679.579 686.085 672.522 718.422 614.538 679.599 812.93 666.865 642.339 561.312 318.359 554.946 799.447 698.055 581.092 1063.94 1012.47 842.157 544.564 582.68 841.877 1414.21 74.8748 105.889 72.9183 771.118 898.549 1414.21 1414.21 1176.38 645.839 882.598 872.295 1027.57 1069.22 594.567 844.932 48.6236 518.257 513.54 681.967 501.943 853.804 811.09 878.273 869.453 885.074 935.667 635.666 609.862 996.245 645.198 876.302 843.009 802.098
1315.88 1000 914.939 721.747 714.143 612.763 535.117 668.382 73.7668 46.2787 690.5 536.13 441.41 409.307 418.226 689.258 755.629 810.024 688.844 723.935 414.868 672.571 766.927 565.299 484.793 493.824 317.264 589.575 735.62 523.397 633.875 1059.39 952.386 567.772 579.211 1086.9 1318.99 1414.21 722.635 805.025 319.609 1414.21 848.328 1000 1414.21 1175.93 652.139 643.86 975.115 905.622 809.369 722.973 534.653 48.6236 869.973 669.438 702.268 453.303 732.634 524.508 553.384 818.984 817.602 801.078 797.456 590.89 929.289 634.962 1153.5 1197.46 941.539
762.666 671.388 793.982 763.626 698.671 606.384 531.588 656.74 73.7668 904.656 65.448 521.711 471.702 414.33 413.923 499.595 949.159 1040.81 491.196 438.901 693.152 1040.87 576.612 446.667 404.991 348.215 507.776 1078.76 559.457 511.224 601.188 651.511 678.187 719.905 604.462 674.248 70.2494 70.2494 70.2494 70.2494 99.3477 319.609 121.589 812.646 828.422 1024.7 1052.39 1004.9 897.424 526.17 743.246 506.611 781.634 48.6236 902.484 783.235 544.992 484.805 788.017 563.649 871.111 629.58 587.779 588.198 823.556 865.225 666.786 1151.77 1414.21 1384.39 1238.8
