input_data/wasim/wasim_run1/input/alm.svfdir_2
ncols	135
nrows	130
xllcorner	22597.5
yllcorner	185062.5
cellsize	100
nodata_value	-9999
[rows 0 to 27 of 130, columns 0 to 64 of 135]
-0.376821 -0.386101 -0.395754 -0.407704 -0.420412 -0.43592 -0.430402 -0.407019 -0.384369 -0.33835 -0.396925 -0.396189 -0.41926 -0.424658 -0.42962 -0.432442 -0.446412 -0.446021 -0.385464 -0.345789 -0.319879 -0.385702 -0.42844 -0.437995 -0.470755 -0.548985 -0.57464 -0.340945 -0.0868763 -0.156724 -0.357563 -0.45868 -0.497407 -0.499241 -0.424501 -0.508574 -0.514105 -0.467248 -0.480647 -0.480727 -0.427367 -0.341794 -0.393086 -0.418977 -0.387678 -0.369739 -0.32134 -0.326537 -0.293631 -0.275485 -0.167578 -0.205939 -0.249267 -0.331293 -0.22759 -0.120763 -0.0200641 0.0436735 0.00172337 -0.00313155 0.0837062 0.213436 0.153583 0.116815 0.0961359
-0.361763 -0.370277 -0.382629 -0.400734 -0.417833 -0.421632 -0.398729 -0.378555 -0.356629 -0.343975 -0.398937 -0.392834 -0.406055 -0.414267 -0.421141 -0.426915 -0.443741 -0.369785 -0.324032 -0.299638 -0.297091 -0.417832 -0.482609 -0.44249 -0.49093 -0.52789 -0.572959 -0.290191 -0.0131433 -0.160285 -0.392668 -0.467478 -0.506291 -0.4445 -0.351074 -0.501833 -0.502541 -0.461771 -0.476585 -0.469307 -0.383 -0.364698 -0.406548 -0.419938 -0.311569 -0.315304 -0.332402 -0.292663 -0.294475 -0.255424 -0.180791 -0.215905 -0.280999 -0.25894 -0.203203 -0.118681 -0.00394993 0.0927941 0.022756 -0.0746519 0.0178614 0.250628 0.170283 0.0423575 0.126592
-0.34551 -0.368504 -0.385317 -0.397484 -0.406313 -0.406835 -0.350846 -0.370089 -0.333686 -0.370275 -0.387883 -0.392023 -0.395725 -0.402785 -0.415612 -0.434175 -0.43614 -0.469435 -0.476551 -0.480399 -0.489182 -0.493933 -0.501541 -0.522936 -0.538058 -0.558015 -0.510444 -0.369413 -0.273016 -0.119167 -0.281315 -0.503418 -0.495904 -0.366431 -0.31165 -0.491777 -0.482577 -0.491429 -0.454603 -0.447426 -0.398914 -0.315256 -0.408292 -0.438125 -0.307753 -0.236813 -0.257475 -0.255242 -0.257172 -0.256293 -0.214998 -0.202565 -0.278931 -0.31418 -0.237132 -0.151166 -0.0619649 0.0446241 0.119661 0.106144 -0.0486082 0.104827 0.233143 0.157165 -0.0204071
-0.336725 -0.355479 -0.373761 -0.384391 -0.390093 -0.37691 -0.326854 -0.350814 -0.355998 -0.38027 -0.382153 -0.388258 -0.391027 -0.396751 -0.407518 -0.417109 -0.425557 -0.444421 -0.450026 -0.459933 -0.465781 -0.478529 -0.493061 -0.5172 -0.528509 -0.549325 -0.410793 -0.2839 -0.380757 -0.109056 -0.143541 -0.464327 -0.501382 -0.410919 -0.321664 -0.418185 -0.45097 -0.39399 -0.472637 -0.412459 -0.356612 -0.350197 -0.401753 -0.426681 -0.376857 -0.216237 -0.237558 -0.223252 -0.22345 -0.225854 -0.135079 -0.121157 -0.139971 -0.242392 -0.237104 -0.117747 -0.0598913 -0.0297288 -0.058099 0.130918 0.255987 0.256307 0.344478 0.32369 -0.00949043
-0.327715 -0.345424 -0.362693 -0.370612 -0.373529 -0.326951 -0.357873 -0.3467 -0.37045 -0.374864 -0.354185 -0.328052 -0.283991 -0.27403 -0.25965 -0.293844 -0.374452 -0.431006 -0.444277 -0.455057 -0.457001 -0.464212 -0.482165 -0.512829 -0.514418 -0.537529 -0.360108 -0.159697 -0.352729 -0.281547 -0.117553 -0.351454 -0.495559 -0.427166 -0.440809 -0.391811 -0.396412 -0.376167 -0.428067 -0.183852 -0.0576856 -0.182265 -0.314159 -0.392165 -0.354535 -0.284132 -0.242846 -0.224097 -0.231134 -0.101288 -0.0428012 -0.0609607 -0.0659091 -0.109653 -0.0854329 0.076975 0.0405495 -0.0205826 0.0226551 -0.0897958 -0.0920609 -0.0728187 0.216539 0.306753 0.181529
-0.322091 -0.336064 -0.343967 -0.349002 -0.35023 -0.352674 -0.354341 -0.361875 -0.364915 -0.341603 -0.255648 -0.175355 -0.105881 -0.108558 0.000138978 -0.014941 -0.204033 -0.338187 -0.397289 -0.369377 -0.350821 -0.395871 -0.420854 -0.477187 -0.411173 -0.226742 -0.0208023 -0.0154689 -0.212945 -0.397716 -0.350493 -0.339016 -0.390625 -0.408983 -0.452878 -0.379524 -0.395936 -0.374941 -0.419109 -0.322056 0.0496057 0.0392882 -0.119852 -0.333678 -0.263363 -0.159231 -0.161525 -0.246074 -0.192869 -0.0871067 -0.0532278 -0.0730145 -0.00496407 0.00622596 -0.0149503 0.150342 0.115356 -0.162069 -0.226426 -0.509443 -0.483497 -0.521268 -0.529605 -0.506215 -0.0976517
-0.313593 -0.320081 -0.324206 -0.329266 -0.327288 -0.341298 -0.350058 -0.331575 -0.283079 -0.245563 -0.151736 -0.102265 -0.119255 -0.122318 0.0355848 0.1608 -0.161225 -0.290347 -0.351712 -0.314122 -0.370445 -0.430024 -0.374005 -0.391665 -0.417091 -0.21388 0.0103818 0.0984154 0.0305784 -0.203258 -0.429341 -0.398524 -0.430301 -0.438139 -0.487184 -0.364343 -0.360718 -0.448667 -0.454798 -0.423699 -0.278847 -0.100486 -0.121972 -0.239803 -0.240292 -0.205469 -0.136264 -0.231293 -0.32339 -0.136362 -0.0529807 -0.0724996 -0.099163 -0.0489856 0.0684764 0.210574 0.281567 -0.0712303 -0.370896 -0.416701 -0.422479 -0.503807 -0.508736 -0.519588 -0.522625
-0.29679 -0.293232 -0.303584 -0.320515 -0.301618 -0.297233 -0.323545 -0.262152 -0.228432 -0.199262 -0.127498 0.0329313 -0.0839855 -0.166035 0.0684604 0.274894 0.014105 -0.259587 -0.397522 -0.348139 -0.40821 -0.471916 -0.406361 -0.302423 -0.275801 -0.280384 0.0770064 0.110241 0.245561 0.229033 -0.152199 -0.311015 -0.319466 -0.470079 -0.484594 -0.425474 -0.333074 -0.384645 -0.437142 -0.437405 -0.390398 -0.279753 -0.211437 -0.178302 -0.236945 -0.176418 -0.15963 -0.163298 -0.249387 -0.27909 -0.193152 -0.203642 -0.240883 -0.319566 -0.206721 -0.0733083 0.218753 -0.0926992 -0.0893455 -0.27136 -0.476913 -0.450825 -0.48878 -0.495928 -0.501605
-0.279214 -0.294724 -0.27818 -0.297498 -0.306261 -0.316938 -0.255066 -0.276119 -0.238457 -0.213479 -0.206752 0.0317188 0.0728022 -0.133479 0.0893921 0.367039 0.10178 -0.168644 -0.418278 -0.351435 -0.247166 -0.409474 -0.499365 -0.515415 -3.68448e-005 0.164599 0.08756 -0.0794942 -0.0453641 0.0326987 0.0125645 -0.114645 -0.221988 -0.38201 -0.475424 -0.446953 -0.37125 -0.34381 -0.360776 -0.383226 -0.361596 -0.307543 -0.208838 -0.209441 -0.111696 -0.150307 -0.0799309 -0.0292398 -0.049139 -0.115541 -0.0794089 -0.350014 -0.41297 -0.511368 -0.504981 -0.533046 -0.0159562 0.040553 0.0885527 -0.124852 -0.405624 -0.450319 -0.454007 -0.454873 -0.457052
-0.279899 -0.295455 -0.311622 -0.261803 -0.246523 -0.290241 -0.243089 -0.238223 -0.30663 -0.31097 -0.274313 -0.203535 0.0122215 -0.11596 -0.162116 0.212813 0.0256955 -0.109441 -0.374112 -0.341497 -0.301779 -0.461547 -0.527389 -0.537061 -0.500377 0.175076 0.0405717 -0.246633 -0.324339 -0.274775 -0.240709 -0.0274902 -0.126305 -0.268682 -0.43794 -0.447377 -0.304417 -0.214169 -0.240528 -0.282811 -0.287305 -0.262039 -0.0809573 -0.158707 -0.0686713 -0.0587958 -0.138215 -0.0243037 -0.0291348 -0.0935649 0.11799 -0.0032987 -0.342574 -0.427546 -0.43758 -0.413085 -0.262529 0.257626 0.305014 0.0935849 -0.205191 -0.389353 -0.35629 -0.471331 -0.438601
-0.271281 -0.284749 -0.312157 -0.337494 -0.243271 -0.225764 -0.282924 -0.270849 -0.280958 -0.361607 -0.363733 -0.368177 -0.210538 0.102192 -0.00798357 0.0225664 -0.0239043 -0.135682 -0.344988 -0.389178 -0.186994 -0.485689 -0.524088 -0.537798 -0.584516 -0.1553 0.0489189 -0.0431956 -0.231425 -0.340366 -0.310152 -0.000602362 0.128237 -0.00550429 -0.307825 -0.446141 -0.274334 -0.0524971 -0.0525249 -0.172426 -0.275874 -0.191598 -0.0652496 -0.0536439 0.00471364 -0.0199079 -0.241557 -0.206823 -0.206442 -0.371384 -0.0985108 0.128697 -0.145921 -0.295707 -0.220889 -0.167135 -0.119249 0.353496 0.381432 0.258987 0.0659793 -0.20549 -0.32266 -0.425409 -0.433663
-0.260504 -0.277104 -0.30084 -0.330606 -0.364799 -0.384272 -0.401848 -0.408462 -0.42547 -0.408715 -0.421546 -0.469107 -0.459179 -0.00832372 0.27956 0.107244 -0.0740379 -0.0837799 -0.223958 -0.410984 -0.250238 -0.473945 -0.517403 -0.555914 -0.581319 0.0595433 -0.0500316 0.107194 0.051342 -0.0676683 -0.181657 -0.107846 0.153183 0.198697 -0.0555404 -0.356234 -0.259671 -0.152395 0.0159465 -0.0113943 -0.23849 -0.223071 -0.0566734 -0.0191531 -0.0654181 -0.0330732 -0.165043 -0.207324 -0.238391 -0.485081 -0.443759 -0.0972102 0.027127 -0.274406 -0.342525 -0.31488 -0.556983 -0.0689638 0.311569 0.346582 0.23541 0.00163099 -0.212027 -0.330286 -0.396355
-0.254479 -0.268585 -0.288255 -0.320203 -0.35357 -0.367248 -0.383105 -0.412296 -0.425304 -0.449725 -0.471065 -0.479284 -0.497815 -0.511518 0.42815 0.351916 -0.0177539 -0.164375 -0.265095 -0.193339 -0.101081 -0.306072 -0.425307 -0.506822 -0.581806 0.174608 0.303618 0.292957 0.272025 0.245559 0.164405 0.208651 0.233086 0.171543 0.104025 -0.0722496 -0.148689 -0.0497087 -0.00755967 0.0668545 -0.0619249 -0.129021 -0.128744 -0.0284708 -0.174488 -0.127738 -0.144949 0.0620012 0.0634957 -0.348219 -0.502993 -0.530353 -0.476228 -0.55463 -0.520465 -0.466805 -0.400836 -0.500847 -0.388129 0.0995975 0.318601 0.286243 0.0953515 -0.0480388 -0.184751
-0.255239 -0.263748 -0.280642 -0.311359 -0.332654 -0.359747 -0.375901 -0.394496 -0.415945 -0.438852 -0.449138 -0.475671 -0.493848 -0.515684 0.0803474 0.47367 0.206202 0.0599656 -0.23495 -0.203948 0.0267756 0.00818862 -0.405662 -0.570249 -0.56727 -0.478412 -0.290727 0.149038 0.262192 0.370331 0.380892 0.263014 0.151221 0.106037 -0.14292 -0.0075894 -0.0584433 0.136398 0.162267 0.115074 0.0546826 -0.0165851 -0.0947594 -0.0967095 -0.171747 -0.224283 -0.248979 0.0746258 0.385115 0.0342016 -0.407349 -0.484509 -0.532078 -0.510809 -0.526418 -0.464225 -0.432951 -0.437202 -0.517357 -0.421303 -0.379131 0.100927 0.326157 0.237413 0.171573
-0.252557 -0.251399 -0.274621 -0.299327 -0.323033 -0.357326 -0.378081 -0.390433 -0.411063 -0.414152 -0.441688 -0.454127 -0.458847 -0.491202 -0.453231 0.318922 0.290735 0.174838 0.0332203 -0.220042 -0.438709 -0.390272 -0.416068 -0.55396 -0.476853 -0.439306 -0.540601 -0.545059 -0.555767 -0.128402 0.375874 0.304154 0.0692574 0.0485283 -0.1047 -0.302448 -0.262201 0.00712039 0.176744 0.193699 0.150248 0.0758683 0.00349923 -0.109739 -0.197848 -0.29457 -0.294496 -0.145897 0.354754 0.286645 -0.0365893 -0.280623 -0.327439 -0.486262 -0.499955 -0.463805 -0.395612 -0.467043 -0.488961 -0.439741 -0.415525 -0.487145 -0.457628 0.0691164 0.278647
-0.240257 -0.215338 -0.242469 -0.29111 -0.339301 -0.36368 -0.364515 -0.371489 -0.38428 -0.394521 -0.43446 -0.453206 -0.474588 -0.514239 -0.546155 -0.155903 0.0578803 -0.180676 -0.245276 -0.403189 -0.543933 -0.512647 -0.388931 -0.523172 -0.476892 -0.476414 -0.504698 -0.526709 -0.534899 -0.547871 -0.356827 0.43035 0.308295 0.215855 0.123969 0.0343293 -0.133593 -0.0689509 0.110502 0.0459238 -0.0388748 -0.116965 -0.0626732 -0.220308 -0.26678 -0.305886 -0.324022 -0.226017 0.215025 0.270825 -0.0119231 -0.0387914 -0.230122 -0.427765 -0.348646 -0.443293 -0.281756 -0.443573 -0.479128 -0.42208 -0.474871 -0.443112 -0.463908 -0.480935 -0.488325
-0.237803 -0.249287 -0.246162 -0.291795 -0.315678 -0.325926 -0.338591 -0.267776 -0.208084 -0.349728 -0.441242 -0.480023 -0.499953 -0.517107 -0.538867 -0.553185 -0.35884 -0.422258 -0.38331 -0.390813 -0.495944 -0.470571 -0.428292 -0.500397 -0.493874 -0.481027 -0.513398 -0.519801 -0.520636 -0.527257 -0.542576 0.357016 0.562351 0.342866 0.244949 0.283119 0.112006 -0.0556002 -0.0624322 -0.0805333 -0.26597 -0.257757 -0.220474 -0.182757 -0.261092 -0.343976 -0.311743 -0.330738 0.0252539 0.179767 -0.0487675 -0.0528782 -0.126978 -0.375134 -0.213148 -0.362799 -0.261965 -0.350406 -0.457065 -0.470803 -0.470336 -0.445296 -0.445032 -0.451429 -0.47014
-0.267968 -0.208271 -0.284893 -0.293418 -0.3146 -0.306254 -0.314307 -0.302474 -0.290599 -0.302768 -0.386559 -0.423287 -0.44982 -0.48634 -0.528657 -0.560217 -0.263431 -0.21875 -0.273656 -0.389949 -0.451154 -0.482216 -0.468207 -0.488116 -0.474437 -0.498985 -0.50818 -0.518828 -0.487859 -0.489355 -0.542316 -0.53846 0.59046 0.501168 0.333954 0.312118 -0.0474856 -0.192519 -0.311927 -0.201692 -0.180932 -0.0789816 -0.0927644 -0.134194 -0.221184 -0.324643 -0.380379 -0.168611 -0.0228473 0.159234 0.159577 0.0229414 -0.0730557 -0.132754 -0.179647 -0.189594 -0.219962 -0.246536 -0.402988 -0.467927 -0.466962 -0.419462 -0.432779 -0.433642 -0.460272
-0.207252 0.0470496 -0.202624 -0.272628 -0.317995 -0.34296 -0.338607 -0.369454 -0.41551 -0.42605 -0.468567 -0.472261 -0.5066 -0.527451 -0.54431 -0.542109 -0.445846 -0.190855 -0.139544 -0.340296 -0.432559 -0.456419 -0.486153 -0.443622 -0.487697 -0.499334 -0.508486 -0.518238 -0.493746 -0.265405 -0.440205 -0.551309 -0.194064 0.462607 0.359889 0.299451 0.0588111 -0.239055 -0.170554 -0.134426 -0.114501 -0.0466285 0.13318 -0.0515285 -0.29035 -0.353332 -0.555013 -0.345396 0.256716 0.359369 0.316641 0.242413 0.160169 0.154193 0.146333 0.122491 0.0794787 0.0624061 -0.17468 -0.378033 -0.437582 -0.418231 -0.452084 -0.401169 -0.413265
0.143163 0.226811 0.0411553 -0.199284 -0.31086 -0.339404 -0.380193 -0.411826 -0.426749 -0.450848 -0.46128 -0.48506 -0.49639 -0.513643 -0.522398 -0.522785 -0.51295 -0.287069 -0.343608 -0.306803 -0.428388 -0.446153 -0.482719 -0.439285 -0.45918 -0.497031 -0.506059 -0.509747 -0.526848 -0.517345 -0.269716 -0.485379 -0.548322 0.0499762 0.328444 0.188515 0.180432 -0.000158807 -0.0984706 -0.0392172 0.098537 -0.014623 0.177462 0.266187 -0.00616785 -0.0725456 -0.443636 -0.584191 0.0345932 0.397198 0.41293 0.427052 0.395352 0.364675 0.35408 0.439527 0.382841 0.395887 0.284882 -0.0200557 -0.295964 -0.406949 -0.431468 -0.395627 -0.365699
0.185972 0.249632 0.129513 -0.156334 -0.307498 -0.333524 -0.382679 -0.399259 -0.419848 -0.432035 -0.453801 -0.463784 -0.480183 -0.4983 -0.505463 -0.428085 -0.511415 -0.382021 -0.321922 -0.41342 -0.400692 -0.428716 -0.477383 -0.47554 -0.448432 -0.495133 -0.50597 -0.491691 -0.521995 -0.53917 -0.4632 -0.420154 -0.49292 -0.222772 0.322166 0.410037 0.289679 0.222964 -0.0123934 -0.145737 -0.000820694 0.116872 0.103921 0.304436 0.248574 0.309587 -0.332473 -0.580745 -0.590695 -0.216134 0.130089 0.144423 0.336362 0.444159 0.421397 0.437005 0.453187 0.424113 0.452503 0.332361 0.07486 -0.229858 -0.362624 -0.401264 -0.32246
0.174557 0.240867 0.169141 -0.0859398 -0.308221 -0.346859 -0.367759 -0.378736 -0.39641 -0.416428 -0.433856 -0.450125 -0.469095 -0.475875 -0.488389 -0.49008 -0.496316 -0.424263 -0.381147 -0.392425 -0.381637 -0.468241 -0.438109 -0.409672 -0.479438 -0.496541 -0.493638 -0.40389 -0.408695 -0.426028 -0.493287 -0.475753 -0.412703 -0.269789 0.507706 0.526953 0.526545 0.547306 0.419058 0.0317878 -0.0810512 0.138061 0.123802 0.168031 -0.0671791 0.303366 -0.0456095 -0.382977 -0.557174 -0.557815 -0.561642 -0.54972 -0.344475 0.17703 0.267506 0.141634 0.161652 0.175647 0.275124 0.312643 0.204548 0.0278222 -0.244827 -0.413924 -0.34731
0.17703 0.182585 0.0596844 -0.0224108 -0.277123 -0.332683 -0.346079 -0.359869 -0.372933 -0.390364 -0.423409 -0.444811 -0.449048 -0.451468 -0.454581 -0.459291 -0.472756 -0.471266 -0.341818 -0.421 -0.393134 -0.464519 -0.444772 -0.464164 -0.485462 -0.410442 -0.300606 -0.160252 -0.00601349 0.123846 -0.116973 -0.486247 -0.553792 -0.558291 0.213684 0.327954 0.160351 0.335579 0.537858 0.250646 -0.425194 -0.536103 -0.607541 -0.376555 -0.483489 -0.124695 0.0119749 -0.252829 -0.47283 -0.455403 -0.498357 -0.539941 -0.557818 -0.564907 -0.107502 0.0160722 -0.0805835 -0.159304 -0.03033 0.084176 0.122724 0.0792118 -0.0957471 -0.255729 -0.30102
0.189842 0.201444 0.0890751 0.0193425 -0.11868 -0.28994 -0.339202 -0.34902 -0.363387 -0.384961 -0.413628 -0.42285 -0.426583 -0.436034 -0.440603 -0.443426 -0.454329 -0.462704 -0.465038 -0.443628 -0.463694 -0.475548 -0.478502 -0.477418 -0.483228 -0.504926 -0.515139 -0.419127 -0.354941 0.18797 0.2784 -0.337384 -0.587853 -0.607763 -0.47367 -0.527671 -0.586627 -0.588091 -0.570943 -0.436249 -0.575664 -0.529278 -0.572351 -0.566531 -0.389381 -0.521125 0.000193154 -0.154276 -0.306842 -0.285963 -0.470437 -0.521851 -0.53124 -0.543584 -0.531473 -0.224644 -0.132378 -0.192218 -0.170408 -0.162208 -0.0532406 -0.00398499 -0.0351794 -0.122754 -0.196957
0.238352 0.316157 0.261101 0.191691 0.0878537 -0.110578 -0.290524 -0.344933 -0.355352 -0.376186 -0.397376 -0.405646 -0.415533 -0.420566 -0.426637 -0.442804 -0.455193 -0.463114 -0.467148 -0.46902 -0.471089 -0.439215 -0.469706 -0.464948 -0.474779 -0.496606 -0.515581 -0.549729 -0.575804 -0.45248 0.425573 0.0594823 -0.46541 -0.592219 -0.268224 -0.366624 -0.571792 -0.518664 -0.520254 -0.568314 -0.520511 -0.511277 -0.561329 -0.578078 -0.403185 -0.49289 -0.226959 -0.0114958 -0.26357 -0.216991 -0.451428 -0.452069 -0.518642 -0.52643 -0.547049 -0.0969081 -0.104852 -0.102451 -0.165013 -0.103224 -0.07502 -0.0276995 0.0779138 0.0611505 -0.0993167
0.284151 0.368458 0.330631 0.311511 0.288536 0.141027 -0.161482 -0.303124 -0.349499 -0.363233 -0.383296 -0.394235 -0.401322 -0.408328 -0.418877 -0.436228 -0.452704 -0.460773 -0.465489 -0.463651 -0.425451 -0.436209 -0.204807 -0.239791 -0.411721 -0.487685 -0.511644 -0.532963 -0.560879 -0.606818 -0.176271 0.400539 -0.0115673 -0.354841 -0.257318 -0.325548 -0.388246 -0.504893 -0.51827 -0.548158 -0.550681 -0.480339 -0.548035 -0.564636 -0.446177 -0.492616 -0.503498 0.019612 -0.170694 -0.292825 -0.395535 -0.422705 -0.450906 -0.513262 -0.529959 -0.0218847 0.300991 0.244575 0.146909 0.176842 0.225397 0.203669 0.0985817 0.175396 0.106958
0.279747 0.330443 0.335908 0.346117 0.344267 0.348689 0.0671552 -0.253391 -0.346858 -0.357952 -0.370229 -0.381148 -0.388276 -0.400088 -0.413179 -0.429105 -0.453057 -0.463048 -0.46768 -0.422685 -0.375169 -0.389172 -0.0773125 0.0469232 -0.32584 -0.448556 -0.458908 -0.434111 -0.408466 -0.458492 -0.555705 -0.256213 -0.0887154 -0.069317 -0.146783 -0.285855 -0.364735 -0.50711 -0.497173 -0.539832 -0.512427 -0.540151 -0.540653 -0.551874 -0.557166 -0.475326 -0.544229 -0.256822 -0.190992 -0.32844 -0.360092 -0.379064 -0.326229 -0.505043 -0.51486 -0.545033 0.248053 0.487635 0.392833 0.321946 0.316957 0.319153 0.193582 0.189951 0.23094
0.180867 0.194045 0.292349 0.30423 0.313991 0.337851 0.234314 -0.013892 -0.324447 -0.356652 -0.363789 -0.374992 -0.387152 -0.390627 -0.384604 -0.395224 -0.450329 -0.461354 -0.440123 -0.294199 -0.178832 -0.237668 -0.271575 0.0867617 -0.297937 -0.396121 -0.353201 -0.353073 -0.137105 -0.0384794 -0.48642 -0.190264 -0.300205 -0.145437 -0.0466757 -0.158725 -0.326002 -0.508646 -0.437313 -0.446811 -0.534258 -0.536691 -0.501158 -0.532415 -0.537848 -0.54139 -0.544526 -0.377572 -0.214587 -0.395382 -0.448673 -0.361074 -0.334747 -0.444911 -0.49572 -0.520683 -0.534086 0.281652 0.415383 0.308846 0.261222 0.300216 0.347652 0.308705 0.236838
