input_data/wasim/wasim_run1/input/alm.sd3
ncols	135
nrows	130
xllcorner	22597.5
yllcorner	185062.5
cellsize	100
nodata_value	-9999
[rows 0 to 34 of 130, columns 0 to 78 of 135]
0 0 0 0 0 0 0 0.152012 0.196199 0.171666 0.090747 0 0 0 0 0 0 0 0 0 0 0 0 0 0 0 0 0.356254 1 0.659192 0.537322 0 0 0.305189 0 0 0.0351137 0.127852 0.20263 0.290334 0.378333 0.404026 0.402384 0.431568 0.464173 0.47584 0.451168 0.44797 0.459182 0.502349 0.586916 0.161464 0 0 0 0 0 0 0 0 0 0 0 0 0 0 0 0 0.737974 0.762414 0.704505 1 1 1 0.793788 0.820971 0.835081 0.859819 0.899395
0 0 0 0 0 0 0.142944 0.2077 0.240648 0.180624 0.0513878 0 0 0 0 0 0 0 0 0 0 0 0 0 0 0 0.105437 0.609996 0.876145 0.723938 0.458016 0.318884 0.142545 0.458559 0 0 0.0990203 0.209873 0.15156 0.30496 0.464368 0.442421 0.326461 0.433175 0.558089 0.433152 0.447637 0.447871 0.445201 0.495454 0.611025 0 0 0 0 0 0 0 0 0 0 0 0 0 0 0 0 0.530789 1 0.711397 0.651626 0.696958 0.691418 0.784823 0.796481 0.854193 1 0.823803 0.947516
0 0 0 0 0 0.121772 0.177997 0.19786 0.197227 0.086917 0 0 0 0 0 0 0 0 0 0 0 0 0 0 0 0 0.341324 0.418288 0.629517 0.729998 0 0 0.324915 0.594154 0 0 0 0.122752 0.271382 0.263066 0.459397 0.469133 0.269842 0.288332 0.608259 0.586151 0.533115 0.516498 0.484406 0.551801 1 0 0 0 0 0 0 0 0 0 0 0 0 0 0 0 0.515968 0.759024 0.827251 0.883896 0.797714 0.685866 0.588137 0.63718 0.765207 0.864153 0.967508 1 1
0 0 0 0 0 0.156035 0.206211 0.13674 0 0 0 0 0 0 0 0 0 0 0 0 0 0 0 0 0 0 0.510624 0.531868 0.537914 1 0 0 0 0.562011 0.983431 0.481799 0.457865 0.31788 0.276143 0.46765 0.408783 0.403309 0.261191 0.155623 0.43214 0.578231 0.562671 0.550165 1 1 0 0 0 0 0 0 0 0 0 0 0 0 0.00027244 0 0 0.573213 0.766723 0.745075 1 0.877474 0.894369 0.883054 1 1 0.702329 0.76205 0.820519 0.865156 0.880754
0 0 0 0 0.0354023 0.130357 0.0958849 0 0 0 0 0 0 0 0 0 0 0 0 0 0 0 0 0 0 0 1 1 0.549955 0.822435 0.816398 0 0.170932 0.4531 0.63997 0.824674 0.693604 1 0.569713 1 1 1 0.337507 0.363679 0.399959 0.496024 0.539368 1 0 0.012219 0 0 0 0 0 0 0 0 0 0 0 0 0.285829 0 0.342695 1 1 1 0.897937 1 1 1 0.771876 0.938983 1 1 1 1 0.734776
0 0 0 0 0 0 0 0 0 0 0 0 0 0 0 0 0 0 0 0 0 0 0 0 0 0 0.755893 0.993081 0.7259 0.499103 0.875054 0.889063 1 0.492829 1 1 0.65368 0.800271 0.627432 0.937212 0.648432 0.841672 1 0.536087 0.596926 1 0 0 0 0 0 0 0 0 0 0 0 0 0 0 0 0 0 0 0.890895 0.754295 0.767598 0.673019 0.685458 0.709907 0.71728 0.671008 0.767113 0.803968 0.763114 0.792241 0.843879 0.958497 1
0 0 0 0 0 0 0 0 0 0 0 0 0 0 0 0 0 0 0 0 0 0 0 0 0 0 0.999328 0.870679 1 1 1 1 0.507014 0 0.264737 0.752579 0.541195 0.283628 0.345571 0.430965 0.696184 0.836491 0.849756 0.628802 1 0.730696 0.346326 0 0 0 0 0 0 0 0 0 0 0 0.377552 0.30805 0 0 0 0 0.0247722 0.788757 0.773409 0.667892 0.672107 0.70289 0.790679 0.816171 0.718467 0.714169 0.6658 0.61353 0.712697 0.695146 0.791899
0 0 0 0 0 0 0 0 0 0 0 0 0 0 0 0.409922 0 0 0 0 0 0 0 0 0 0.918061 1 0.650234 0.588612 0.494033 0.475505 0.745122 0.520941 0 0.112775 0.47169 0.600418 0.374193 0.192669 0.257278 0.380359 0.568658 0.640851 1 0.674454 0.55486 0 0 0 0 0 0 0 0 0 0 0 0.897265 0.679087 0.427744 0.196135 0 0 0 0 0.128504 0.508221 0.693875 0.862168 0.91647 0.857038 0.789575 0.748911 0.702295 0.547173 0.584149 0.674691 0.691763 0.75522
0 0 0 0 0 0 0 0 0 0 0 0 0 0 0.0809748 0.4608 0.153563 0 0 0 0 0 0 0 0 1 0.694844 0.762374 0.702191 0.740875 0.841496 1 1 0.247885 0.121053 0.35835 0.545371 0.540548 0.434784 0.368963 0.378686 1 0 0.288241 0.413965 0.175764 0 0 0 0 0 0 0 0 0 0 0.517213 1 1 1 0.450469 0.421084 0.21115 0.141691 0.0890808 0.0793381 0.259959 0.428371 0.474441 0.629907 0.971372 0.820127 0.92219 0.68339 0.675651 0.865152 0.918105 0.9457 0.942624
0 0 0 0 0 0 0 0 0 0 0 0 0 0 0.412176 0.546834 0.299303 0 0 0 0 0 0 0 0 0.792814 0.938927 0.653747 0.589064 0.630571 1 0.736706 0.899979 0.566184 0.159944 0.38984 1 1 1 0.609868 0 0.371709 0.271637 0.166144 0.231607 0 0 0 0 0 0 0 0 0 0 0 1 0.702387 0.608821 0.705972 0.757794 0.535477 0 0 0.404527 0.407874 0.32183 0.513435 0.629998 0.531318 0.646307 0.926761 0.896997 0.709725 0.846406 1 1 0.949954 1
0 0 0 0 0 0 0 0 0 0 0 0 0 0.0156083 1 0.557044 0 0 0 0 0 0 0 0 0 0.705135 1 1 1 1 0.702136 0.810623 1 0 0 0 0.685486 0.694782 0.842707 0 0.0138626 0.196461 0.133999 0.0934264 0 0 0 0 0 0 0 0 0 0 0 0 0.167463 0.565607 0.603564 0.731669 1 1 0.675728 0.211112 0.377068 0.500348 0.385247 0.531686 0.845579 0.845985 0.625089 0.682568 0.817312 0.769262 0.879316 0.827303 0.871625 0.962475 0.835217
0 0 0 0 0 0 0 0 0 0 0 0 0 0.0685344 0.620878 0 0 0 0 0 0 0 0 0 0 1 0.926576 0.826244 0.623221 0 0.418993 0.800823 0.624742 0.533911 0.337303 0.600552 0.546637 0.796969 0.683989 0 0 0 0 0 0 0 0 0 0 0 0 0 0 0 0 0 0 0.99232 0.719982 0.685964 0.704196 0.836476 0.895389 0.639182 0.472099 0.686467 0.467245 0.376775 0.641417 1 1 1 0.869912 0.833258 0.740741 0.798664 0.916055 1 0.872001
0 0 0 0 0 0 0 0 0 0 0 0 0 0 0.390934 0 0 0 0 0.260807 0 0 0 0 0 0.838501 1 0.467371 0.348824 0.256783 0.389077 0.501027 0.437515 0.562053 0.485872 0 0.332343 0.60652 0.491017 0 0 0 0 0 0 0 0 0 0 0 0 0 0 0 0.259858 0.432765 0.273225 0.0713596 0.606687 0.90967 0.685601 0.619827 1 1 1 1 1 1 1 0.716473 0.627801 0.820492 0.840145 0.729586 0.82436 0.900503 0.909142 0.89943 1
0 0 0 0 0 0 0 0 0 0 0 0 0 0 0 0.294193 0.122337 0 0 0 0 0 0 0 0.163354 0.238091 0.914895 0.59834 0.276549 0.251028 0.314165 0.394786 0.695004 0.784075 0.544615 0.327936 0.369014 0.375571 0 0.0206819 0 0 0 0.0993073 0 0 0 0 0.237496 0 0 0 0 0.0399207 0.108921 0.221406 0.260871 0 0.0401929 0.300831 0.575584 0.757753 0.470158 0.465933 0.469014 0.36909 0.357508 0.376469 0.329743 0.338044 1 1 0.555279 0.770392 1 0.897491 0.80282 0.746675 0.79224
0 0 0 0 0 0 0 0 0 0 0 0 0 0 0 0.179067 0 0 0.0304205 0 0 0 0 0.0780154 0.240319 0 0 0 0 0.370188 0.51248 0.75266 1 0.798816 0 0 0.0800427 0.115798 0.138732 0.0780637 0 0 0.241091 0 0 0 0 0 0.182152 0 0 0.703521 0.332379 0.079741 0.106388 0.289524 0.227796 0.0870748 0.120529 0.244663 0 0 0.559777 0.651568 0.365137 0.212399 0 0.170614 0.305157 0.569463 0.739249 0.709086 0.785963 0.926717 0.996703 0.940157 0.834091 0.821664 0.956391
0 0 0 0 0 0 0 0 0 0 0 0 0 0 0 0 0 0.1361 0.935329 0 0 0.241364 0.245521 0.092897 0.165227 0.132415 0 0 0 0 0.749472 0.648207 0.730691 0.479735 0.264471 0 0 0 0 0 0.125411 0.504048 0.475186 0 0 0 0 0 0 0.0648695 0.775318 1 1 1 0 0.454416 0.516436 0 0.174137 0 0.192875 0.178628 0 0 0 0.720831 0.978036 0.773626 0.82957 0.693922 0.750921 0.886676 0.778664 0.827573 1 0.832925 0.865551 0.918373 1
0 0 0 0 0 0 0 0 0 0 0 0 0 0 0 0 0.881238 0.460903 0.436753 0.327465 0.129781 0.213247 0.204534 0.0613055 0.104654 0 0 0 0 0 0 0.414775 0.556575 0.275522 0.217574 0 0 0 0.331755 0.708328 0.925711 1 0.31291 0 0 0 0 0 0.0465256 0.75043 0.809988 0.964647 0.69846 0.788737 1 0.53838 0.730444 0.38519 0.0815975 0 0.199788 0.307597 0.231134 0 0 0.222896 0.291003 0.294019 0.467848 0.574155 0.542133 0.657221 0.730442 0.691132 0.937787 0.822307 0.786367 0.845947 0.832086
0 0 0 0 0 0 0 0 0 0 0 0 0 0 0 0 0.677664 0.599545 0.432361 0.353255 0.167863 0.127143 0.138278 0.098638 0 0 0 0 0 0 0 0 0.456643 0.276967 0.0839565 0 0.0682678 0.833395 0.706831 0.832659 1 0.0974628 0 0 0 0 0 0 0.552658 1 1 0.808866 0.704676 1 0.764027 1 0.859079 0.692051 0 0 0.173403 0.303211 0.287891 0 0 0.198591 0.376267 0.35978 0.412084 0.519878 0.453493 0.315277 0.441886 0.48563 0.654132 0.784573 0.765174 0.717154 0.808459
1 0 0 0 0 0 0 0 0 0 0 0 0 0 0 0.0476934 0.46872 0.666306 1 0.454197 0.339075 0 0.197335 0 0 0 0 0 0 0 0 0 0 0 0.128122 0.592132 1 1 1 0.161621 0 0 0 0 0 0 0 0 0.61122 0.685558 0.671181 0.605314 0.338549 0.384895 0.606064 0.635164 1 1 1 0.236234 0.231926 0 0.202821 0.336343 0.299334 0.287913 0.263975 0.295622 0.364881 0.486497 0.550216 0.416082 0.289728 0.326547 0.423149 0.656407 0.725885 0.636255 0.599508
0.469963 0.234554 0 0 0 0 0 0 0 0 0 0 0 0 0 0 0.255009 0.525621 0.592779 0.58867 0.37345 0 0.180379 0.382851 0 0 0 0 0 0 0 0 0 0 0.65958 1 0.58368 0.437425 0.116772 0.0863555 0 0 0 0 0 0 0 0 0.534968 0.655908 0.590656 0.310675 0.228314 0.374657 0.422352 0.388659 0.394208 0.416991 0.534579 1 0.51668 0.272311 0.257905 0.433822 0.462455 0.467303 0.385085 0.41212 0.435083 0.435248 0.49768 0.575442 0.461394 0.424496 0.418428 0.490912 0.641055 0.690807 1
0.28584 0.233423 0 0 0 0 0 0 0 0 0 0 0 0 0 0 0 0.491744 0.463754 0.421766 0.352751 0 0 0 0 0 0 0 0 0 0 0 0 0 0.776178 0.584651 0.464943 0.321471 0 0 0 0 0 0 0 0.197479 0 0 0.10964 0.763198 0.563333 0.228526 0.34532 0.415808 0.290938 0.32654 0.4069 0.440484 0.552044 0.597853 1 0.652671 0.312494 0.445164 0.577951 0.571128 0.615024 0.500761 0.532176 0.565325 1 0.64961 0.605758 0.524686 0.582392 0.594895 0.602828 0.760215 0.846471
0.227273 0.171812 0 0 0 0 0 0 0 0 0 0 0 0 0 0 0 0.34275 0.386178 0.420349 0 0 0 0 0 0 0 0 0 0 0 0 0 0 0.505996 0.463981 0.318509 0.181037 0 0 0 0 0 0 0.0708665 0.698111 0.846216 0 0 0 0 0 0.503712 0.345537 0.365954 0.6627 0.632931 0.67096 0.700752 0.654145 0.736829 1 0.620023 0.331665 0.51223 0.522909 0.591167 0.63852 0.560849 0.502187 0.906248 1 1 1 0.683631 0.767705 1 0.899358 1
0.290076 0.212362 0.316334 0 0 0 0 0 0 0 0 0 0 0 0 0 0 0.190514 0 0 0 0 0 0 0 0 0 0 0 0 0 0 0 0 0.675167 0.442259 0 0.147121 0.290291 0 0 0 0.100229 0.995818 0.43007 0.807005 1 0.702628 0.340676 0.223017 0 0 0 0.104414 0.954076 1 1 0.861739 0.968891 0.883178 0.875144 0.851205 0.945161 0.6188 0.537105 0.584762 0.605631 0.772917 1 1 0.513382 0.95986 0.79212 0.775222 1 1 0.968128 0.766165 0.801237
0.364435 0.50612 0.50963 0.367001 0 0 0 0 0 0 0 0 0 0 0 0 0 0 0 0 0 0 0 0 0 0 0 0 0 0.102639 0.49407 0 0 0 0.38595 0.27627 0.0659367 0.0986754 0.246575 0.414857 0.15277 0.10653 0 0.270226 0 0.385584 0.845764 0.799196 0.676039 0.523629 0 0 0 0 0.347117 0.785733 0.836674 0.701496 0.76178 0.748126 0.888248 0.992904 1 1 1 1 1 1 0.805084 0.715638 0.798159 0.727474 0.973211 0.966412 0.958918 0.969933 0.873569 0.797433 0.620228
0.42274 0.423533 0.346382 0.33063 0.286943 0 0 0 0 0 0 0 0 0 0 0 0 0 0 0 0.0611845 0 0 0 0 0 0 0 0 0 0.279616 0 0 0.212441 0.566466 0 0.050471 0.149206 0 0 0.168122 0 0 0 0.503718 0 0.965626 1 0.76629 1 0.634428 0 0 0 0 1 1 0.77492 0.761416 1 1 1 0.592627 0.677713 0.946445 0.727641 0.730609 0.636143 0.667888 0.707732 1 1 0.928378 0.87944 0.784536 0.730935 1 1 1
0.398611 0.393979 0.35467 0.347456 0.340857 0 0 0 0 0 0 0 0 0 0 0 0 0 0 0.44946 0 0 0 0 0 0 0 0 0 0 0.601911 0.442064 0.112766 0.578492 0.689267 0.632239 0.373963 0.197175 0 0 0.0953439 0 0 0 0.506134 0 0.441601 0.848612 0.865955 0.931856 0.590569 0.578406 0 0 0 0.440772 0.662912 1 1 0.610279 0.57578 0.458805 0.519617 0.693303 0.705991 0.655959 0.608746 0.690994 0.839136 0.947127 0.710021 0.899478 0.954728 0.877136 0.934953 0.870722 0.948911 0.860853 0.905815
0.359783 0.352835 0.33766 0.275963 0.369545 0.366583 0 0 0 0 0 0 0 0 0 0 0 0 0 0 0 0 0 0 0 0 0 0 0 0 0 0 0.89044 0.865032 0.735348 0.625813 0.530432 0.376096 0 0.122337 0 0 0 0 0.0469792 0.329295 0.211673 0.846372 0.747715 0.67194 0.684429 0.65941 0 0 0 0 0.671132 0.529427 0.48436 0.436036 0.460415 0.504244 0.624997 0.644658 0.541573 0.430562 0.653398 1 1 0.803191 0.778092 0.786568 1 1 1 1 0.890114 0.82871 0.845953
0.340561 0.289552 0.31202 0.337623 0.419225 0.390874 0.534187 0 0 0 0 0 0 0 0 0 0 0 0 0 0 0 0 0 0 0 0 0 0 0 0 0.787121 0.668819 0.872902 0.896206 1 0.564181 0.358498 1 0 0 0.0265499 0.198382 0 0 0 0.0574379 0.5704 0.70089 0.46385 0.496113 0.615158 0.631767 0 0 0 0 0.44586 0.536732 0.492294 0.56499 0.538561 0.509199 0.53373 0.449805 0.521062 0.691111 0.660525 0.899059 1 0.774562 1 0.785247 0.882699 0.798272 0.734688 0.782923 0.681943 0.551271
0.332514 0.358011 0.362117 0.518834 0.541111 0.628348 0.762839 0.757493 0 0 0 0 0 0 0 0 0 0 0 0 0 0 0.0662136 0 0 0 0 0 0 0 0.453125 0.53138 0.740704 0.789043 0.882147 0.859475 0.695758 0 0.517368 0.463745 0 0 0.28503 0.281559 0 0 0 0.390084 0.623311 0.562279 0.368247 0.457682 0.533791 0 0 0 0 0.317592 0.79088 0.808194 0.779855 0.667713 0.702628 0.674951 0.630331 0.755137 0.711731 0.739436 1 0.655377 1 0.578496 0.71118 0.734565 0.651279 0.636284 0.581173 0.302203 0.323621
0.392574 0 0.729565 0.805082 0.886966 0.830739 0.911962 0.946712 0 0 0 0 0 0 0 0 0 0 0 0 0 0 0.325639 0 0 0 0 0 0 0.698164 0.690895 0.524055 0.599039 0.76501 0.736198 0.803705 1 0.770789 0.588635 0.55409 0 0 0.155518 0 0 0 0 0.3776 0.470673 0.487345 0.389886 0.4278 0.595827 0 0 0 0 0 0.398516 0.578103 0.674606 0.633855 0.629747 0.721865 0.848609 0.879129 0.950897 0.949883 0.778973 0.546717 0.533489 0.461804 0.534096 0.580856 0.51957 0.500504 0 0.186608 0.605894
0.432551 0.531298 0.808901 0.921772 0.900472 0.924681 0.946002 0.935782 0 0 0 0 0 0 0 0 0 0 0 0 0 0 0.407029 0 0 0 0 0 0.320182 1 0.901385 0.75516 0.577771 0.734819 1 0.791436 0.870178 0.771616 0.696663 0.829851 0 0 0 0 0.422868 0.54488 0.183395 0.280099 0.460656 0.3787 0.424403 0.244405 0.292734 0 0 0 0 0 0.171252 0.35081 0.421097 0.500421 0.494045 0.494739 0.468879 0.47067 0.601692 0.624575 0.934386 0.599385 0.555756 0.431822 0.547603 0.597665 0.544399 0.443051 0.254025 0.748333 1
0.465045 0.46087 1 0.917019 0.873737 1 0.957815 1 0 0 0 0 0 0 0 0 0 0 0 0 0 0.187236 0.333731 0 0 0 0 0 0.938782 0.992677 1 1 1 1 0.721242 1 1 1 0.744914 1 0.754382 0.361764 0.224299 0 0.0241538 0.597475 0.491042 0.25352 0.452172 0.427823 0.488481 0.45027 0 0 0 0 0 0 0 0.341175 0.348725 0.501928 0.573037 0.582353 0.568792 0.424124 0.372987 0.47667 0.496617 0.5954 0.748707 0.889039 0.799983 0.967399 0.878422 0.932948 0.908994 0.812908 0.553052
0.57615 0.434879 0.684777 1 0.768685 0.951695 0.993821 0.969104 0 0 0 0 0 0 0 0 0 0 0 0 0 0 0 0 0 0 0 0 0.370211 0.64041 0.873786 0.872072 0.612784 0.603592 0.553949 0.560292 0.419129 0.512608 1 0.591892 0.829819 1 0.480214 0 0.00870732 0.465208 0.674215 0.53028 0.58016 1 0.582015 1 0.625607 0 0 0 0 0 0 0.246885 0.308366 0.456454 0.633701 0.696286 0.695321 0.650136 0.43396 0.367995 0.43146 0.363873 0.39174 0.390078 0.468301 0.633902 0.581888 0.518183 0.543308 0.629985 0.649167
0.873413 0.911687 0.89847 0.792895 0.824261 0.997755 0.961086 1 0 0 0 0 0 0 0 0 0 0 0 0 0 0 0 0 0 0 0 0.141663 0.223727 0.277358 0.194779 0.155667 0.563185 0.704062 0.647953 0.435089 0.341417 0.457842 0.442351 0.476092 0.531961 0.739255 0.906137 0.565654 0 0.254763 0.653182 1 1 0.757378 1 0.62826 0.983601 0 0 0 0 0.0996449 0.149043 0.134813 0.168984 0.311152 0.461871 0.560894 0.575064 0.579419 0.452404 0.334076 0.335881 0.380241 0.403054 0.364923 0.340411 0.577262 0.581132 0.522693 1 1 1
0.718833 0.454132 0.645846 0.985817 0.920609 0.915965 0.89478 0.977954 0 0 0 0 0 0 0 0 0 0 0 0 0 0 0 0 0 0 0.508033 0.290241 0.173816 0.31106 0.325866 0.212062 0 0 0 0 0.509076 0.359218 0.433563 0.491078 0.478552 0.601161 1 1 0.56941 0.318515 0.474765 0.93756 0.548116 0.521065 0.515261 0.537825 1 0 0 0 0 0 0.151773 0.349757 0.25988 0.227953 0.388775 0.504634 0.483339 0.444065 0.471584 0.403541 0.338702 0.307896 0.318036 0.378007 0.265066 0.408938 0.714553 0 0 0.67676 0.801315
