input_data/wasim/wasim_run1/input/alm.fzs
ncols	135
nrows	130
xllcorner	22597.5
yllcorner	185062.5
cellsize	100
nodata_value	-9999
[rows 32 to 63 of 130, columns 0 to 70 of 135]
-9999 -9999 -9999 -9999 -9999 -9999 -9999 -9999 -9999 -9999 -9999 -9999 -9999 -9999 -9999 -9999 -9999 -9999 -9999 -9999 -9999 -9999 -9999 -9999 -9999 -9999 -9999 -9999 11913.7 10726.7 10511.4 9791.51 9173.04 8582.81 9686.83 9114.51 8560.71 7936.8 7220.51 7793.58 6857.37 5857.37 5787.12 4564.38 7255.91 7805.24 6975.35 6070.01 5501.53 4918.53 6309.83 5661.65 4943.52 3954.11 4673.95 5871.67 9587.83 10216.2 8337.09 8239.09 7945.07 9285.76 8581.87 9112.12 9415.71 8816.17 8223.74 8001.6 7593.45 6314.46 6036.64
-9999 -9999 -9999 -9999 -9999 -9999 -9999 -9999 -9999 -9999 -9999 -9999 -9999 -9999 -9999 -9999 -9999 -9999 -9999 -9999 -9999 -9999 -9999 -9999 -9999 -9999 -9999 13935.7 11364.8 10185.3 10025.1 9808.97 9071.21 10790.2 10195 9337.62 9053.04 7922.7 8552.32 7760.25 7061.77 6273.28 5368.52 4478.41 6504.79 6070.29 6583.06 5810.14 5067.72 4057.62 4019.59 3981.55 3943.52 3905.49 4905.49 8608.55 8173.82 9566.5 7778.37 7626.85 7273.5 7380.94 8364.7 7650.86 8205.96 7639.62 7890.35 7057.44 6758.9 6477.8 5370.91
-9999 -9999 -9999 -9999 -9999 -9999 -9999 -9999 -9999 -9999 -9999 -9999 -9999 -9999 -9999 -9999 -9999 -9999 -9999 -9999 -9999 -9999 -9999 -9999 -9999 -9999 13671.9 13463.1 10910 10216.5 9438.52 9197.54 8354.6 9165.66 13859.4 10467.3 9105.36 9196.97 9012.6 7772.36 7347.09 6775.43 6120.14 5356.76 4400.69 5220.71 6135.34 5135.34 4135.34 5597.91 4919.94 5282.96 4644.12 3866.54 7425.39 6992.01 9190.22 8664.54 7346.3 6814.81 6651.07 6770 6435.2 7429.54 6825.29 7400.89 6644.55 6843.94 6165.92 5915.82 5688.68
-9999 -9999 -9999 -9999 -9999 -9999 -9999 -9999 -9999 -9999 -9999 -9999 -9999 -9999 -9999 -9999 -9999 -9999 -9999 -9999 -9999 -9999 -9999 -9999 -9999 -9999 13174.3 13143.4 12650.4 10090.2 9371.96 8676 7834.55 7333.72 7874.52 12445.2 11700.3 12584.7 8461.31 8048.55 7516.87 6883.76 6350.48 5778.72 5136.8 4322.97 4268.01 4213.06 6937.07 5792.3 6104.1 5466.83 4419.97 3827.59 6498.19 6011.18 8422.81 7874.66 6507.53 6196.41 6032.28 6117.65 5884.35 5678.83 6647.05 5982.96 6525.54 5819.69 6050.76 5364.94 5073.06
-9999 -9999 -9999 -9999 -9999 -9999 -9999 -9999 -9999 -9999 -9999 -9999 -9999 -9999 -9999 -9999 -9999 -9999 -9999 -9999 -9999 -9999 -9999 -9999 -9999 -9999 12484.1 12286.4 11912.2 11017.2 10665.5 8995.22 7547.3 6761 7122.5 11758.5 11170.4 11289.7 11067 8326.5 7720.6 7171.56 6599.36 5979.78 5609.87 5018.75 5173.51 4870.34 6609.03 6739.59 6171.08 5127.25 4608.16 4416.88 3772.52 5083.97 4514.18 7202.57 6376.53 5681.23 5449.6 4980.61 5328.77 5127.84 6532.21 5856.52 5167.39 5720.47 4957.78 5128.56 4438.34
-9999 -9999 -9999 -9999 -9999 -9999 -9999 -9999 -9999 -9999 -9999 -9999 -9999 -9999 -9999 -9999 -9999 -9999 -9999 -9999 -9999 -9999 -9999 -9999 -9999 -9999 11780.4 11556.9 11269.6 10821.1 9958.98 8188.53 7744.25 6190.76 7754.88 10613.1 10625.9 9682.42 8740.14 9520.02 8015.17 7465.12 6885.58 6380.64 5804.29 5528.53 5650.43 5337.8 6979.37 7167.5 5690.04 5265.72 5117.17 4908.07 4347.7 3717.44 3678.49 7017.62 6190.68 5540.79 4863.86 4412.28 5263.67 4505.61 4308.48 5627.07 4995.4 4317.51 4752.59 3984.2 3068.49
-9999 -9999 -9999 -9999 -9999 -9999 -9999 -9999 -9999 -9999 -9999 -9999 -9999 -9999 -9999 -9999 -9999 -9999 -9999 -9999 -9999 -9999 -9999 -9999 -9999 -9999 11354.9 10778.9 10522.5 10216.8 9896.77 8966.73 7051.2 6117.03 7111.86 9959.1 9856.07 9182.11 8233.1 8481.83 9396.71 7687.35 7098.97 6863.88 6196.68 5954.43 6063.36 5698.5 7470.85 6494.1 6056.54 5666.72 5529.99 5051.66 4533.29 4586 4336.12 3623.41 4900.8 4188.5 3474.31 3435.36 3403.2 3371.04 3338.88 3306.71 4782.2 3901.53 3183.59 3151.42 5019.95
-9999 -9999 -9999 -9999 -9999 -9999 -9999 -9999 -9999 -9999 -9999 -9999 -9999 -9999 -9999 -9999 -9999 -9999 -9999 -9999 -9999 -9999 -9999 -9999 -9999 -9999 10942.5 10379.1 9664.17 9467.17 9155.79 8121.52 7806.08 6043.31 10603.2 11169.2 8859.57 8511.21 7709.74 7982.49 8230.24 8832.74 7632.32 6871.41 6802.1 6685.87 6722.36 6312.67 8185.85 8072.34 6583.71 6030.63 5625.24 5186.59 5262.9 5331.85 4810.59 4261.87 3568.33 3529.39 4698.38 4728.8 6384.5 5514.74 4784.41 4046.58 3261.23 3229.07 3193.58 4077.38 5685.71
-9999 -9999 -9999 -9999 -9999 -9999 -9999 -9999 -9999 -9999 -9999 -9999 -9999 -9999 -9999 -9999 -9999 -9999 -9999 -9999 -9999 -9999 -9999 -9999 -9999 -9999 10592.1 10079.9 9393.28 8629.32 8964.66 7804.59 7072.52 5969.58 9754.96 8650.2 7859.57 7098.32 7097 7483.35 7607.59 7672.37 7772.29 10447.3 9812.47 9323.33 8289.37 7603.54 7412.01 7478.35 7248.17 6554.07 5856.7 5891.07 5955.41 5491.5 5001.44 4387.98 4483.26 4198.51 5762.34 7380.6 6660.01 5913.05 5129.12 4239.05 4163.53 4009.48 3223.39 6769.78 6267.08
-9999 -9999 -9999 -9999 -9999 -9999 -9999 -9999 -9999 -9999 -9999 -9999 -9999 -9999 -9999 -9999 -9999 -9999 -9999 -9999 -9999 -9999 -9999 -9999 -9999 -9999 11191.3 9810.32 9122.6 8379.58 7415.03 7832.92 6865.85 5895.85 8824.62 7824.62 7224.93 6455.38 6423.68 6930.13 6987.56 6948.47 7338.02 11387.2 9425.91 8919.97 8359.97 7514.76 6986.06 6995.62 6744.44 12380.7 11777.1 6660.84 6141.38 5552.82 5101.11 5348.51 5228.51 6707.13 8382.42 7720.58 6873.61 6194.13 5905.69 5293.95 4942.91 3265.54 3871.93 7439.9 7717.68
-9999 -9999 -9999 -9999 -9999 -9999 -9999 -9999 -9999 -9999 -9999 -9999 -9999 -9999 -9999 -9999 -9999 -9999 -9999 -9999 -9999 -9999 -9999 -9999 -9999 -9999 10879.2 10307.2 9780.18 7954.01 7045.03 6045.03 5960.55 5876.06 5791.58 7410.4 6410.4 5600.37 5550.42 6265.61 6318.23 6738.97 6830.83 10826.5 11049.6 11614.5 7788.9 7285.19 6770.06 6192.17 6044.61 11807.5 10980.2 7032.47 6326.78 5851.42 6077.79 8326.84 7773.61 9681.55 7297.68 8015.23 7297.27 7101.02 5267.68 4442.91 3980.72 3295.35 4030.51 8121.45 8390.13
-9999 -9999 -9999 -9999 -9999 -9999 -9999 -9999 -9999 -9999 -9999 -9999 -9999 -9999 -9999 -9999 -9999 -9999 -9999 -9999 -9999 -9999 -9999 -9999 -9999 -9999 10345.9 9869.8 9296.01 8434.37 7459.25 8290.28 7290.28 7205.79 6720.95 5720.95 5671 8735.31 7735.31 5479.79 6043.73 6199.45 10221.8 10414 10479.5 10614.5 9464.48 6807.82 6300.29 5811.44 5090.82 11393.3 10393.3 9349.41 8596.97 7840.32 7335.28 6847.92 6467.16 5885.56 6894.27 6250.37 5475.56 5406.45 4695.54 4010.24 3337.51 4082.96 4393.53 8778.53 9006.62
-9999 -9999 -9999 -9999 -9999 -9999 -9999 -9999 -9999 -9999 -9999 -9999 -9999 -9999 -9999 -9999 -9999 -9999 -9999 -9999 -9999 -9999 -9999 -9999 -9999 -9999 10936.1 10212.4 9684.25 8873.46 10620 9620.01 8620.01 8453.13 7135.16 7085.22 6671 8156 7235.33 6531.5 5409.16 6642.26 9736.97 9196.88 9990.74 9517.05 8835.22 8681.2 10316.7 9596.12 6366.86 5012.98 7809.23 8979.07 8328.51 7695.29 7046.56 6512.63 5990.04 5681.91 4974.86 4222.49 4145.74 4068.99 3992.24 3379.66 4337.51 5004.94 5693.7 5266.42 9569.75
-9999 -9999 -9999 -9999 -9999 -9999 -9999 -9999 -9999 -9999 -9999 -9999 -9999 -9999 -9999 -9999 -9999 -9999 -9999 -9999 -9999 -9999 -9999 -9999 -9999 -9999 -9999 12612.6 11964 11318.6 10400.4 9400.37 8400.37 7541.74 7038.92 10649.5 9649.54 8649.54 6757.05 5997.13 5359.21 6025.45 9190.02 8674.25 9488.56 9026.46 8392.26 8217.86 8538.28 8896.26 8550.03 4957.93 6920.95 6581.44 7810.38 7522.01 6917.26 6329.25 5720.6 5088.71 4331.03 6264.17 5282.53 4059.54 4785.29 4227.05 3426.63 5780 6465.25 6487.7 5972.28
-9999 -9999 -9999 -9999 -9999 -9999 -9999 -9999 -9999 -9999 -9999 -9999 -9999 -9999 -9999 -9999 -9999 -9999 -9999 -9999 -9999 -9999 -9999 -9999 -9999 -9999 -9999 -9999 12045.4 11519.4 10814.6 9770.5 7870.18 6986.16 6127.52 6031.67 6896.11 11003.3 10003.3 9327.96 8673.21 5288.58 8541.72 8084.96 8926.9 8502.91 7901.18 7704.77 8000.98 7277.92 7956.81 4902.89 6315.17 5959.77 7250.31 8238.34 7497.91 6799.82 6060.13 5330.78 5704.87 4948.72 4126.85 6436.17 5511.23 4840.84 3459.83 4490.23 5043.68 5610.04 7163.95
-9999 -9999 -9999 -9999 -9999 -9999 -9999 -9999 -9999 -9999 -9999 -9999 -9999 -9999 -9999 -9999 -9999 -9999 -9999 -9999 -9999 -9999 -9999 -9999 -9999 -9999 -9999 -9999 12245.2 11510.9 10949.6 9210.9 9494.23 8671.75 7896.11 6896.11 5896.11 12411.4 10372.8 9582.93 9022.79 7440.5 5217.95 7461.46 8338.68 7949.69 7347.84 7161.45 7522.88 6713.38 7060.05 7124.83 4825.05 5361.11 6533.31 6505.76 7081.69 7187.4 6723.21 6022.06 4968.29 4194.16 7850.38 5069.07 4240.18 3506.8 4267.63 5103.09 5384.36 5850.18 6287.14
-9999 -9999 -9999 -9999 -9999 -9999 -9999 -9999 -9999 -9999 -9999 -9999 -9999 -9999 -9999 -9999 -9999 -9999 -9999 -9999 -9999 -9999 -9999 -9999 -9999 -9999 -9999 -9999 -9999 11668.4 10033.8 10000.3 9616 8780.66 8126.74 7934.62 7078.92 5760.56 10997.1 9221.1 8547.52 8013.67 6147.31 5147.31 6401.27 7345.55 6719.14 6561.92 6188.88 6169.81 6291.47 6408.98 5501.54 4747.21 5890.39 5820.59 5769.89 5986.73 5990.65 5743.13 4969.53 4241.75 6555.71 5555.71 4679.13 33.2081 4958.51 5313.29 6006.73 6507.2 6944.56
-9999 -9999 -9999 -9999 -9999 -9999 -9999 -9999 -9999 -9999 -9999 -9999 -9999 -9999 -9999 -9999 -9999 -9999 -9999 -9999 -9999 -9999 -9999 -9999 -9999 -9999 -9999 -9999 -9999 10840.4 10959 10447.2 9865.15 8423.12 7612.75 6934.62 6559.21 5664.71 9165.48 9726.17 7993.26 7371.19 6810.91 6002.02 5076.68 5026.73 6152.78 5644.84 5528.21 5502.39 5656.71 5342.71 5523.36 4692.17 5308.74 5213.76 5131.78 5309.92 5019.39 5137.83 4309.06 5098.26 6833.18 5833.18 871.03 66.4163 5732.48 5958.63 6198.19 6708.44 7140.29
-9999 -9999 -9999 -9999 -9999 -9999 -9999 -9999 -9999 -9999 -9999 -9999 -9999 -9999 -9999 -9999 -9999 -9999 -9999 -9999 -9999 -9999 -9999 -9999 -9999 -9999 -9999 -9999 -9999 11172.4 10499.8 9997.07 9404.97 8693.21 8004.21 5709.68 5639.27 5568.86 8188.62 7774.41 8785.41 8126.56 7433.27 6101.93 5768.29 5661.97 4956.1 4915.83 4875.57 4835.3 4791.11 4746.91 4702.72 4658.53 4614.33 4566.74 4519.15 4471.55 4423.96 4376.37 5037.41 5889.31 7188.83 6585.03 1025.57 99.6244 1387.8 6666.87 6922.63 7382.05 7351.77
-9999 -9999 -9999 -9999 -9999 -9999 -9999 -9999 -9999 -9999 -9999 -9999 -9999 -9999 -9999 -9999 -9999 -9999 -9999 -9999 -9999 -9999 -9999 -9999 -9999 -9999 -9999 -9999 -9999 10049 9460.69 8967.52 7302.8 6560.73 5809.26 6746.48 6908.94 6278.99 5491.78 6774.41 6719.91 6396.47 7516.15 7101.93 6834.94 5065.11 5010.6 5926.07 6263.8 5776.72 7468.21 6643.89 5886.03 5528.61 5205.24 5177.86 5144.57 5314.62 5043.68 5063.01 5447.23 6507.74 7932.03 2318.17 211.126 132.833 1310.08 2133.12 7504.24 8005.87 8067.75
-9999 -9999 -9999 -9999 -9999 -9999 -9999 -9999 -9999 -9999 -9999 -9999 -9999 -9999 -9999 -9999 -9999 -9999 -9999 -9999 -9999 -9999 -9999 -9999 -9999 -9999 -9999 -9999 -9999 -9999 9151.7 8604.91 8053.48 7223.48 6809.26 8323.15 7542.84 6949.54 6205.35 5414.7 5360.2 5305.69 5251.19 5196.69 5142.19 7555.94 6841.86 7174.8 6809.94 6458.08 7520.25 7238.78 6453.11 6092.79 5754.29 5950.57 5642.43 5803.94 5565.37 5665.43 5872.58 7276.13 1017.12 321.85 1211.13 1128.24 182.528 817.54 1376.67 8298.3 8768.67
-9999 -9999 -9999 -9999 -9999 -9999 -9999 -9999 -9999 -9999 -9999 -9999 -9999 -9999 -9999 -9999 -9999 -9999 -9999 -9999 -9999 -9999 -9999 -9999 -9999 -9999 -9999 -9999 -9999 -9999 9944.51 8540.91 8063.94 7842.85 7660.32 8957.05 7865.35 7425.68 6253.45 7967.98 7340.84 6665.4 7147.58 6147.58 8568.69 7790.89 8045.73 7564.59 7298.05 6995.8 7993.27 7649.23 6929.1 7352.48 6415.31 6546.94 6206.7 6329.21 6094.61 6280.72 6671.85 2267.36 1121.29 400.144 2542.46 1596.74 1179.08 232.223 778.327 1291.04 1787.39
-9999 -9999 -9999 -9999 -9999 -9999 -9999 -9999 -9999 -9999 -9999 -9999 -9999 -9999 -9999 -9999 -9999 -9999 -9999 -9999 -9999 -9999 -9999 -9999 -9999 -9999 -9999 -9999 -9999 -9999 -9999 8934.92 8539.92 8502.21 8275.01 9636.14 8230.34 7855 6697.65 8012.15 7526.47 7322.12 7146.79 6749.33 8585.23 8362.45 8617.91 8090.19 7871.89 7483.23 8391.78 8049.69 7372.2 7887.1 7364.72 7175.14 7961.15 7508.82 7325.07 6962.7 1673.08 1982.33 1318.17 478.438 3010.95 2593.29 1934.54 267.363 1079.41 1564.92 2046.87
-9999 -9999 -9999 -9999 -9999 -9999 -9999 -9999 -9999 -9999 -9999 -9999 -9999 -9999 -9999 -9999 -9999 -9999 -9999 -9999 -9999 -9999 -9999 -9999 -9999 -9999 -9999 -9999 -9999 -9999 -9999 -9999 9291.88 9027.14 8789.71 10229 8775.43 7528.78 8632.47 8405.51 8000 7885.21 7664.93 7219.58 9166.12 9498.29 9201.06 8636.35 8258.03 7909.43 8838.68 8201.38 8651.89 8473.45 8007.33 2269.11 1655.23 944.119 882.301 820.482 758.663 696.844 635.025 556.732 1556.73 2194.1 2502.89 938.182 317.058 855.89 1369.58
-9999 -9999 -9999 -9999 -9999 -9999 -9999 -9999 -9999 -9999 -9999 -9999 -9999 -9999 -9999 -9999 -9999 -9999 -9999 -9999 -9999 -9999 -9999 -9999 -9999 -9999 -9999 -9999 -9999 -9999 -9999 -9999 -9999 -9999 9649.62 11229 -9999 -9999 9438.47 8637.98 8407.24 8354.56 8113.15 7669.98 10322.7 10069.5 9706.01 9118.41 8741.31 8422.5 9238.49 9422.85 5773.09 4219.78 3402.37 2656.97 1980.43 2150.47 2728.17 2055.23 1425.39 703.831 1188.44 1139.73 2099.22 2640.31 3097.48 3886.58 352.197 948.36 1442.14
-9999 -9999 -9999 -9999 -9999 -9999 -9999 -9999 -9999 -9999 -9999 -9999 -9999 -9999 -9999 -9999 -9999 -9999 -9999 -9999 -9999 -9999 -9999 -9999 -9999 -9999 -9999 -9999 -9999 -9999 -9999 -9999 -9999 -9999 -9999 -9999 -9999 -9999 -9999 9276.62 8827.34 8769.95 8540.9 11075.1 10793.7 10571.8 10164.9 9646.47 9411.41 7484.05 6757.06 6177.81 5468.6 4762.49 4071.18 2997.64 2694.44 3918.04 3105.02 2359.43 772.636 1272.24 1745.78 1666.03 2656.13 2989.42 3695.06 1079.65 387.337 1350.68 1831.09
-9999 -9999 -9999 -9999 -9999 -9999 -9999 -9999 -9999 -9999 -9999 -9999 -9999 -9999 -9999 -9999 -9999 -9999 -9999 -9999 -9999 -9999 -9999 -9999 -9999 -9999 -9999 -9999 -9999 -9999 -9999 -9999 -9999 -9999 -9999 -9999 -9999 -9999 -9999 -9999 9780.61 9722.64 9316.9 11598.8 11262 11032.6 11292.6 5001.96 4299.67 8031.68 7353.44 6679.39 5991.46 5739.22 4411.86 3751.52 2951.79 2299.62 1559.07 841.442 1480.7 1956.02 2236.04 2302.08 3252.15 3470.48 1782.64 1004.21 422.477 1912.17 2389.76
-9999 -9999 -9999 -9999 -9999 -9999 -9999 -9999 -9999 -9999 -9999 -9999 -9999 -9999 -9999 -9999 -9999 -9999 -9999 -9999 -9999 -9999 -9999 -9999 -9999 -9999 -9999 -9999 -9999 -9999 -9999 -9999 -9999 -9999 -9999 -9999 -9999 -9999 -9999 -9999 -9999 -9999 -9999 -9999 12024.3 12032.6 5182.18 4474.43 3982.68 3393.28 2729.54 7405.68 2105.25 1306.91 1238.86 2004.95 1046.36 978.305 910.248 1535.63 1969.59 2640.93 2838.03 2917.65 3867.1 4389.89 2115.25 1436.28 457.617 2521.22 2775.8
-9999 -9999 -9999 -9999 -9999 -9999 -9999 -9999 -9999 -9999 -9999 -9999 -9999 -9999 -9999 -9999 -9999 -9999 -9999 -9999 -9999 -9999 -9999 -9999 -9999 -9999 -9999 -9999 -9999 -9999 -9999 -9999 -9999 -9999 -9999 -9999 -9999 -9999 -9999 -9999 -9999 -9999 -9999 -9999 -9999 -9999 -9999 4323.88 3603.24 3029.45 2343.49 1471.22 1403.16 2239.27 1870.8 1142.61 3249.04 2576.37 1920.35 2208.89 2624.38 3264.16 3462.73 3786.94 4790.67 3311.41 2483.72 507.312 1360.26 1595.91 2223.17
-9999 -9999 -9999 -9999 -9999 -9999 -9999 -9999 -9999 -9999 -9999 -9999 -9999 -9999 -9999 -9999 -9999 -9999 -9999 -9999 -9999 -9999 -9999 -9999 -9999 -9999 -9999 -9999 -9999 -9999 -9999 -9999 -9999 -9999 -9999 -9999 -9999 -9999 -9999 -9999 -9999 -9999 -9999 -9999 -9999 -9999 -9999 -9999 3794.04 3169.79 2414.03 2089.44 3093.43 2756.16 2316.43 1691.78 3382.12 2816 2556.1 2912.23 3270.6 3375.83 4172.79 4532.66 4725.63 2436.11 1640.65 542.452 1542.45 2615.4 3195.65
-9999 -9999 -9999 -9999 -9999 -9999 -9999 -9999 -9999 -9999 -9999 -9999 -9999 -9999 -9999 -9999 -9999 -9999 -9999 -9999 -9999 -9999 -9999 -9999 -9999 -9999 -9999 -9999 -9999 -9999 -9999 -9999 -9999 -9999 -9999 -9999 -9999 -9999 -9999 -9999 -9999 -9999 -9999 -9999 -9999 -9999 -9999 -9999 -9999 3648.96 2896.66 2610.37 3561.87 3190.95 2793.74 4075.07 3612.98 3467.45 4019.36 3626.2 3818.12 3957.88 6659.07 5872.54 3836.44 2380.07 1589.75 577.591 635.075 3362.34 3895.95
-9999 -9999 -9999 -9999 -9999 -9999 -9999 -9999 -9999 -9999 -9999 -9999 -9999 -9999 -9999 -9999 -9999 -9999 -9999 -9999 -9999 -9999 -9999 -9999 -9999 -9999 -9999 -9999 -9999 -9999 -9999 -9999 -9999 -9999 -9999 -9999 -9999 -9999 -9999 -9999 -9999 -9999 -9999 -9999 -9999 -9999 -9999 -9999 -9999 4240.79 3350.69 3065.11 3997.01 3743.5 4800.89 4331.76 4119.86 4905.94 4782.94 4235.02 4343.71 5030.77 6856.97 6872.54 3764.65 2781.23 647.158 1480.35 692.559 4064.66 4193.94
