input_data/wasim/wasim_run1/input/alm.svfdir
ncols	135
nrows	130
xllcorner	22597.5
yllcorner	185062.5
cellsize	100
nodata_value	-9999
[rows 0 to 29 of 130, columns 0 to 67 of 135]
1 1 1 1 1 1 0.996569 0.982273 0.969531 0.942923 0.984958 0.985769 1 1 1 1 1 0.993502 0.950597 0.921715 0.902574 0.939798 0.958794 0.957125 0.967349 1 1 0.870979 0.730554 0.777618 0.903402 0.967514 0.990087 0.991086 0.948863 1 1 0.973365 0.983024 0.984175 0.954448 0.907536 0.944224 0.96287 0.945718 0.936 0.910458 0.919246 0.903604 0.897359 0.832204 0.867493 0.90476 0.962426 0.882991 0.803325 0.729772 0.68364 0.711318 0.713449 0.650491 0.559518 0.60011 0.623883 0.636714 0.530067 0.901343 0.891863
1 1 1 1 1 1 0.985475 0.973841 0.961958 0.956944 0.996301 0.992671 1 1 1 0.997001 1 0.946125 0.907488 0.888134 0.883138 0.954426 0.983845 0.951386 0.970231 0.979344 1 0.842554 0.686411 0.780141 0.926319 0.974428 0.998544 0.96093 0.908486 1 1 0.976525 0.986889 0.983357 0.933244 0.926223 0.956626 0.966327 0.901037 0.908856 0.925185 0.905011 0.912341 0.89194 0.846456 0.877746 0.925194 0.904537 0.860038 0.796511 0.71363 0.645181 0.693118 0.756154 0.687237 0.532988 0.586082 0.670147 0.613109 0.518079 0.617765 0.559265
1 1 1 1 1 1 0.963715 0.979368 0.957253 0.98509 0.998028 1 1 1 1 1 1 1 1 1 1 1 1 1 1 1 0.972975 0.897166 0.843795 0.758085 0.863313 1 0.993684 0.91656 0.887127 1 0.994649 1 0.978526 0.975978 0.947006 0.900019 0.963571 0.984317 0.901941 0.861034 0.8812 0.886079 0.894252 0.899257 0.874598 0.866868 0.92053 0.93908 0.878166 0.813869 0.748925 0.674283 0.621796 0.628938 0.728018 0.626765 0.54308 0.592538 0.703404 0.554535 0.702819 0.740929
1 1 1 1 1 0.991299 0.958813 0.978434 0.983828 1 1 1 1 1 1 1 1 1 1 1 1 1 1 1 1 1 0.921346 0.852196 0.914146 0.752757 0.778654 0.979938 1 0.946215 0.892874 0.956016 0.977379 0.944361 0.994879 0.958441 0.926772 0.927993 0.964921 0.982939 0.95093 0.851205 0.872092 0.869193 0.875507 0.879432 0.81482 0.80473 0.816301 0.88439 0.872654 0.784886 0.742437 0.71901 0.732771 0.608344 0.528128 0.527602 0.472176 0.485035 0.691715 0.604915 0.720531 0.722901
1 1 1 1 1 0.968469 0.992347 0.98544 1 1 0.981198 0.958442 0.923354 0.91144 0.896687 0.916877 0.967438 1 1 1 0.993905 0.991181 0.993468 1 0.99467 1 0.894228 0.779034 0.899759 0.858599 0.761157 0.910258 0.999158 0.959088 0.968782 0.939632 0.944559 0.934153 0.967668 0.813286 0.7364 0.822599 0.913027 0.968119 0.946381 0.904024 0.881877 0.87524 0.880293 0.786655 0.745517 0.756924 0.757735 0.784727 0.76141 0.648483 0.670654 0.70648 0.67728 0.741804 0.739587 0.725069 0.550609 0.495863 0.571673 0.569332 0.625246 0.643359
1 1 1 1 1 1 1 1 0.996963 0.972962 0.904264 0.842217 0.789642 0.78758 0.707913 0.717169 0.845388 0.936561 0.968695 0.94274 0.922987 0.944234 0.952102 0.97791 0.927573 0.812531 0.691142 0.691485 0.816106 0.933082 0.906728 0.901043 0.936147 0.949604 0.97755 0.932271 0.944413 0.933362 0.963508 0.902159 0.663433 0.673113 0.784192 0.931495 0.888049 0.822404 0.82901 0.888458 0.848777 0.772893 0.748587 0.759807 0.710234 0.698542 0.705722 0.59594 0.618002 0.790089 0.822558 0.991264 0.97733 1 1 0.979206 0.738681 0.459779 0.463372 0.473877
1 1 1 1 0.998582 1 0.994893 0.975956 0.933747 0.899398 0.824107 0.784792 0.792588 0.790482 0.677848 0.59459 0.813386 0.899374 0.931828 0.89864 0.927332 0.960662 0.917346 0.920383 0.925641 0.799067 0.671709 0.622332 0.666407 0.814877 0.956884 0.939353 0.960667 0.968122 0.998396 0.92203 0.923857 0.981824 0.986818 0.968976 0.87706 0.766062 0.785481 0.870621 0.87612 0.854391 0.807489 0.875381 0.935617 0.802522 0.74435 0.753812 0.766067 0.725221 0.646128 0.555433 0.511516 0.727466 0.910859 0.943312 0.950771 1 1 1 1 0.799891 0.519928 0.496814
1 0.997325 1 1 0.975374 0.960551 0.974332 0.920222 0.886465 0.857004 0.798353 0.685335 0.762558 0.812781 0.652502 0.516798 0.692403 0.874752 0.957194 0.915488 0.950583 0.985612 0.931507 0.860516 0.837268 0.837461 0.632861 0.614483 0.533355 0.544265 0.783256 0.883844 0.894377 0.991033 1 0.963499 0.908772 0.945628 0.981403 0.983047 0.955544 0.887829 0.848216 0.831236 0.873069 0.832946 0.822898 0.824323 0.882173 0.89595 0.833763 0.831983 0.851385 0.884948 0.807922 0.724728 0.549193 0.736937 0.742318 0.861631 0.992322 0.977307 1 1 1 1 0.918352 0.816522
1 1 0.973159 0.978491 0.974694 0.972243 0.917317 0.921886 0.885544 0.858923 0.84697 0.680196 0.652228 0.784528 0.635504 0.455843 0.63125 0.810449 0.966856 0.912901 0.845235 0.943713 0.981606 0.976481 0.672298 0.578919 0.625394 0.726869 0.70843 0.663507 0.67865 0.76225 0.833825 0.938413 0.998587 0.981521 0.935983 0.922287 0.93776 0.956136 0.945966 0.913372 0.85102 0.850672 0.785345 0.812933 0.764129 0.726785 0.739072 0.780309 0.752116 0.922724 0.950524 0.999088 0.986292 1 0.687716 0.658474 0.63246 0.769182 0.948172 0.978174 0.982043 0.983962 0.986516 0.993429 0.978939 0.920842
1 1 0.99813 0.946414 0.925223 0.948329 0.900336 0.889797 0.926582 0.918022 0.884124 0.828868 0.687089 0.766537 0.792754 0.556391 0.678879 0.767594 0.934636 0.901454 0.875001 0.970497 0.998341 0.994276 0.952166 0.571572 0.652852 0.827497 0.878801 0.854787 0.836566 0.706238 0.772229 0.868614 0.980038 0.98618 0.895949 0.840349 0.861196 0.893204 0.899693 0.882045 0.760368 0.814016 0.75273 0.747205 0.79794 0.718054 0.720557 0.757622 0.61766 0.695471 0.907378 0.951708 0.945216 0.929533 0.83512 0.525748 0.496887 0.630108 0.82242 0.942193 0.925446 1 0.977485 0.910999 0.976292 0.925361
1 1 1 0.998054 0.912838 0.892062 0.9225 0.902248 0.902569 0.947776 0.93726 0.93164 0.823946 0.624788 0.695554 0.678353 0.709268 0.780578 0.909448 0.924843 0.802811 0.985 0.995856 0.987066 1 0.762461 0.648638 0.708407 0.827484 0.897644 0.879503 0.688394 0.6102 0.699205 0.89824 0.986275 0.874917 0.731991 0.735355 0.819095 0.888386 0.832099 0.747231 0.739791 0.700347 0.716478 0.862078 0.833418 0.831915 0.927341 0.749627 0.607469 0.777078 0.858682 0.810027 0.779209 0.747071 0.467888 0.450175 0.525689 0.649473 0.826529 0.905194 0.973518 0.979124 0.926121 0.971377 0.931144
1 1 1 1 1 1 1 0.995628 0.994082 0.973299 0.970405 0.990612 0.976125 0.689381 0.512849 0.622955 0.737417 0.743659 0.827513 0.936907 0.839258 0.975344 0.990536 1 1 0.64045 0.707195 0.616865 0.652838 0.728019 0.798642 0.754999 0.592955 0.565351 0.731115 0.926608 0.864996 0.796522 0.688896 0.709521 0.8622 0.85032 0.738016 0.713539 0.742202 0.721383 0.807268 0.83016 0.848266 1 0.961872 0.742397 0.666285 0.842399 0.878369 0.863301 1 0.717841 0.493015 0.471098 0.540979 0.69234 0.833598 0.914021 0.958847 0.894009 0.907052 0.969388
1 1 1 1 1 1 1 1 1 1 1 1 1 0.996241 0.420492 0.467304 0.698864 0.789306 0.8455 0.801172 0.746517 0.87028 0.933067 0.969542 1 0.572638 0.497852 0.504243 0.517003 0.533386 0.583399 0.556954 0.542131 0.581847 0.626467 0.742077 0.790915 0.729019 0.702866 0.65512 0.740745 0.784208 0.781633 0.716018 0.811109 0.780873 0.787772 0.652094 0.651583 0.912678 0.99443 0.998397 0.958187 1 0.981451 0.952134 0.919224 0.980586 0.912976 0.622706 0.488309 0.508841 0.633468 0.728638 0.821322 0.82392 0.755011 0.826579
1 1 1 1 1 1 1 1 1 1 1 1 1 1 0.631942 0.393545 0.557576 0.647934 0.824566 0.805114 0.665559 0.675063 0.912527 1 0.99806 0.950646 0.842148 0.589106 0.522485 0.457857 0.451118 0.522595 0.591629 0.622744 0.781762 0.697227 0.730516 0.606048 0.590103 0.620951 0.66061 0.706115 0.756266 0.75741 0.806974 0.838226 0.847383 0.639737 0.446555 0.6673 0.937099 0.97815 1 0.988173 0.997755 0.963164 0.948206 0.954377 1 0.945477 0.921426 0.625467 0.483176 0.540675 0.584632 0.673848 0.605931 0.513178
0.994666 0.988939 1 1 0.992145 0.994369 1 1 1 1 0.996644 0.990448 0.980128 0.98666 0.948472 0.488692 0.505577 0.575189 0.659277 0.812691 0.934289 0.899714 0.920443 1 0.958013 0.940328 1 1 1 0.750502 0.455256 0.497485 0.643044 0.658784 0.758283 0.883094 0.857822 0.686456 0.578763 0.568133 0.596052 0.643245 0.690146 0.763702 0.820231 0.877317 0.86876 0.770919 0.466564 0.508211 0.704291 0.852879 0.887306 0.986462 0.995327 0.974978 0.93649 0.982752 0.996819 0.968413 0.956605 1 0.977288 0.647534 0.51383 0.533215 0.594904 0.585807
0.98083 0.953549 0.971812 1 1 1 1 1 1 0.98429 0.988533 0.981425 0.981528 0.993781 1 0.765708 0.642332 0.781193 0.821474 0.920423 1 0.982421 0.915301 0.996511 0.970889 0.972761 0.990743 1 1 1 0.883991 0.421666 0.494888 0.55286 0.610752 0.668753 0.775146 0.731952 0.61887 0.659031 0.712394 0.761982 0.730316 0.831352 0.860067 0.87779 0.879737 0.814371 0.550578 0.517409 0.686239 0.707963 0.830149 0.953959 0.907592 0.965257 0.870485 0.975582 0.998063 0.96453 0.998386 0.979687 0.993665 1 1 0.858108 0.863696 0.860303
0.975448 0.978727 0.967692 0.996277 1 1 0.986329 0.91575 0.863543 0.947279 0.989972 1 1 1 1 0.995866 0.884763 0.925906 0.908582 0.919146 0.98421 0.971073 0.949184 0.994146 0.990878 0.984233 1 1 1 1 1 0.466447 0.339999 0.473537 0.534073 0.510538 0.616797 0.718697 0.721916 0.736333 0.853423 0.851859 0.828815 0.806209 0.8511 0.893825 0.866089 0.870095 0.658952 0.570665 0.709957 0.716396 0.765361 0.919923 0.822863 0.918781 0.859837 0.92023 0.990011 0.998992 0.998599 0.983789 0.984923 0.989966 1 0.990294 0.960505 0.96398
1 0.941882 1 1 0.99508 0.967134 0.955452 0.931791 0.909359 0.906793 0.95209 0.965111 0.972089 0.981857 0.992158 1 0.83187 0.811991 0.850926 0.927518 0.968021 0.988349 0.981162 0.99413 0.986672 1 1 1 0.979822 0.979314 1 0.985169 0.327725 0.378447 0.479472 0.492642 0.709728 0.799544 0.876323 0.811467 0.801052 0.737671 0.746466 0.771145 0.819077 0.876376 0.898658 0.771387 0.685766 0.58289 0.584681 0.66987 0.730907 0.77083 0.80063 0.811072 0.833875 0.855631 0.959372 1 0.998669 0.970304 0.980682 0.982752 1 0.996041 0.943856 0.934476
0.935644 0.718439 0.931938 0.981902 0.998814 1 0.972642 0.973118 0.99231 0.982388 0.997071 0.98677 0.99646 1 1 0.998794 0.942672 0.796822 0.773307 0.901765 0.962511 0.979303 0.997887 0.973176 1 1 1 1 0.981375 0.839373 0.941935 1 0.786117 0.404541 0.464862 0.500325 0.646588 0.830274 0.790591 0.768846 0.756803 0.713769 0.602931 0.715215 0.853513 0.887562 0.996375 0.864747 0.524712 0.465287 0.490056 0.535097 0.58616 0.590092 0.596236 0.612689 0.641756 0.654713 0.811635 0.946146 0.986516 0.975847 0.997583 0.966753 0.976836 0.958343 0.955737 0.970623
0.631356 0.561867 0.719885 0.914434 0.991389 0.999068 0.992029 1 1 1 1 1 1 1 1 1 0.99016 0.861422 0.900044 0.882946 0.962567 0.975864 0.998649 0.973091 0.986941 1 1 1 1 0.983014 0.837081 0.960554 0.992716 0.641998 0.483651 0.566064 0.572096 0.682756 0.743192 0.707116 0.623273 0.690796 0.573181 0.520302 0.681031 0.71882 0.934472 1 0.649479 0.443947 0.433269 0.423644 0.442535 0.460556 0.46669 0.41266 0.447506 0.438467 0.509862 0.71157 0.896349 0.971479 0.988831 0.967229 0.950338 0.931026 0.948854 0.959657
0.593008 0.541529 0.641162 0.870917 0.985901 0.992037 1 1 1 1 1 1 1 1 1 0.955507 1 0.923919 0.893392 0.954458 0.950293 0.970756 1 0.99891 0.978016 1 1 0.98927 1 1 0.946199 0.919577 0.95687 0.791932 0.487277 0.435211 0.506152 0.546468 0.688869 0.768435 0.678294 0.608435 0.613584 0.497421 0.529474 0.494463 0.865804 1 1 0.794269 0.598669 0.590768 0.478673 0.414094 0.426622 0.4168 0.4052 0.422371 0.402419 0.478809 0.649736 0.855626 0.947419 0.974291 0.924845 0.924438 0.915269 0.910695
0.600019 0.547575 0.605425 0.810448 0.984154 1 1 1 1 1 1 1 1 1 1 1 1 0.958099 0.935594 0.94658 0.94419 0.997036 0.976993 0.9576 0.995444 1 0.992902 0.932357 0.930847 0.932085 0.962411 0.94773 0.906539 0.816377 0.382413 0.369075 0.367142 0.353841 0.42915 0.658608 0.721306 0.592546 0.599212 0.574548 0.703792 0.498095 0.700374 0.900225 1 1 1 0.993586 0.873093 0.571883 0.519113 0.594437 0.583953 0.576492 0.515634 0.491857 0.562807 0.682988 0.870298 0.985965 0.943777 0.924009 0.899144 0.837095
0.595662 0.592079 0.688978 0.75615 0.958383 1 1 1 1 1 1 1 1 1 1 1 1 0.996499 0.918825 0.97136 0.950561 0.993053 0.977592 0.988516 1 0.947316 0.871043 0.779581 0.682433 0.60247 0.741095 0.951566 0.97829 0.968528 0.547738 0.484199 0.579069 0.479897 0.364095 0.528555 0.905722 0.962736 1 0.874673 0.937241 0.740668 0.667646 0.82615 0.957749 0.950928 0.97828 1 1 1 0.737903 0.669687 0.73127 0.782363 0.707227 0.637919 0.616104 0.647816 0.76926 0.882472 0.917397 0.917376 0.899006 0.845227
0.583804 0.576155 0.665189 0.721496 0.831726 0.965655 1 1 1 1 1 1 1 1 1 1 1 1 0.998265 0.981844 0.992946 1 1 0.99936 1 0.996547 0.98997 0.924081 0.872265 0.562628 0.512338 0.864573 1 1 0.930633 0.963329 0.996593 0.997596 0.988829 0.914152 0.9931 0.969236 0.994064 0.989465 0.894538 0.96948 0.674196 0.768184 0.862072 0.855329 0.969068 1 1 1 0.989863 0.812814 0.762378 0.804321 0.796012 0.796 0.730888 0.703009 0.728174 0.791413 0.846108 0.844902 0.793803 0.766109
0.546153 0.487684 0.529976 0.584345 0.666275 0.823322 0.96318 1 1 1 1 1 1 1 1 1 1 1 1 1 1 0.980967 1 0.995309 0.997507 1 1 1 1 0.91913 0.429095 0.63639 0.932313 0.996786 0.822542 0.883141 1 0.971654 0.974499 1 0.974408 0.971241 1 1 0.905527 0.960215 0.804934 0.685007 0.838105 0.814337 0.957387 0.960285 1 1 1 0.739135 0.747773 0.751275 0.794953 0.761 0.746918 0.719456 0.650705 0.66413 0.77809 0.845706 0.765594 0.680693
0.511559 0.449137 0.476956 0.491222 0.508835 0.62406 0.858415 0.965285 0.999507 1 1 1 1 1 1 1 1 0.999676 0.999008 0.997044 0.97345 0.97945 0.826556 0.848493 0.953506 0.995799 0.999803 1 1 1 0.759866 0.443771 0.674452 0.867286 0.817803 0.861476 0.903172 0.973535 0.982754 1 1 0.96157 1 1 0.935212 0.96376 0.967233 0.666107 0.782846 0.859364 0.925073 0.944464 0.964015 1 1 0.692899 0.499394 0.534624 0.597424 0.579544 0.548892 0.564174 0.634721 0.584843 0.634299 0.815275 0.818751 0.748489
0.514503 0.477881 0.473612 0.465679 0.466806 0.462726 0.679327 0.925543 0.997631 1 1 1 1 1 1 1 1 0.99984 1 0.970531 0.94084 0.945786 0.739015 0.661418 0.895861 0.968364 0.965182 0.936747 0.915043 0.934734 0.978603 0.805192 0.714666 0.708367 0.757054 0.842046 0.892858 0.978551 0.974633 1 0.984885 1 1 1 1 0.955582 0.996195 0.828778 0.795616 0.882574 0.905839 0.918966 0.891341 1 1 1 0.531134 0.384495 0.441797 0.486057 0.489085 0.487478 0.570773 0.574319 0.54755 0.636546 0.731959 0.742736
0.584151 0.575071 0.505492 0.49694 0.489723 0.471798 0.549678 0.74172 0.980109 1 1 1 1 0.993191 0.976797 0.975184 1 1 0.982559 0.886418 0.81072 0.843828 0.854797 0.634141 0.874149 0.932486 0.895077 0.882666 0.747464 0.690804 0.92435 0.769354 0.834911 0.751436 0.700136 0.769361 0.871765 0.981615 0.94089 0.94793 1 1 0.980323 0.999133 1 1 1 0.903162 0.812449 0.925872 0.960384 0.909983 0.898265 0.969852 1 1 1 0.511013 0.429001 0.494478 0.524575 0.49986 0.46874 0.494185 0.542835 0.583109 0.630132 0.671173
0.707907 0.76161 0.613917 0.624633 0.614386 0.570518 0.606776 0.675 0.922782 1 1 1 1 0.974834 0.974916 0.915987 0.926739 0.898482 0.858956 0.792956 0.776338 0.742736 0.749931 0.663136 0.864166 0.949263 0.878549 0.803198 0.8179 0.687303 0.859062 0.915141 0.850384 0.790335 0.733973 0.765432 0.820775 0.967263 0.981932 0.907962 0.983039 1 0.993435 0.978565 0.980336 1 1 0.967943 0.874183 0.894043 0.952326 0.963873 0.915374 0.929199 1 1 1 0.991668 0.6489 0.647981 0.675005 0.689786 0.626228 0.561336 0.588443 0.666957 0.660086 0.630109
0.8108 0.908699 0.825971 0.716138 0.756367 0.67545 0.657554 0.719916 0.883914 0.998433 1 1 0.997236 0.961603 0.917249 0.869042 0.778605 0.728496 0.654717 0.679582 0.741787 0.726425 0.532275 0.605711 0.78533 0.938303 0.928362 0.848971 0.740563 0.837701 0.773056 0.914165 0.915569 0.809878 0.781613 0.775516 0.783446 0.952714 0.929377 0.848093 0.981354 1 0.999439 0.961312 1 0.97899 1 0.967338 0.917748 0.933334 0.958578 0.952109 0.867365 0.893254 1 1 1 1 0.961926 0.873964 0.849695 0.867244 0.866074 0.853083 0.799925 0.77221 0.7641 0.773199
