input_data/wasim/wasim_run1/input/dem.asc
ncols        135
nrows        130
xllcorner    22597.500000000000
yllcorner    185062.500000000000
cellsize     100.000000000000
NODATA_value  -9999
[rows 0 to 22 of 130, columns 52 to 103 of 135]
2311.051025390625 2326.389892578125 2349.657958984375 2367.740966796875 2378.638916015625 2383.989990234375 2413.4990234375 2429.76904296875 2461.9208984375 2494.199951171875 2509.51904296875 2539.8310546875 2563.31005859375 2545.89990234375 2560.618896484375 2598.259033203125 2598.049072265625 2553.3310546875 2483.551025390625 2396.799072265625 2343.718994140625 2266.571044921875 2205.218994140625 2134.2900390625 2074.52001953125 2001.1009521484375 1924.1409912109375 1842.468994140625 1774.300048828125 1759.81103515625 1759.760009765625 1759.56005859375 1759.699951171875 1801.3590087890625 1864.4200439453125 1977.031005859375 2026.3900146484375 2093.679931640625 2157.25 2218.990966796875 2277.72900390625 2368.0009765625 2452.080078125 2529.570068359375 2577.60107421875 2640.110107421875 2712.6201171875 2776.720947265625 2866.8701171875 2885.699951171875 2855.6201171875 2823.56103515625
2328.75 2357.419921875 2387.430908203125 2414.47998046875 2434.718994140625 2443.06201171875 2458.85009765625 2509.590087890625 2592.780029296875 2573.660888671875 2592.860107421875 2606.660888671875 2642.14990234375 2625.299072265625 2673.950927734375 2684.2490234375 2588.949951171875 2507.89990234375 2454.31103515625 2399.861083984375 2348.841064453125 2268.64990234375 2198.1689453125 2121.699951171875 2036.3599853515625 1978.0400390625 1917.3699951171875 1851.6309814453125 1774.6199951171875 1759.8399658203125 1759.469970703125 1759.4000244140625 1759.6689453125 1806.1190185546875 1886.1099853515625 1980.4110107421875 2051.2900390625 2106.27099609375 2171.0400390625 2226.860107421875 2289.43994140625 2368.860107421875 2425.739990234375 2485.5400390625 2527.360107421875 2596.81005859375 2672.658935546875 2774.699951171875 2847.1298828125 2831.590087890625 2813.2490234375 2759.4599609375
2347.9990234375 2389.590087890625 2430.14990234375 2462.260986328125 2493.62109375 2514.639892578125 2543.549072265625 2586.4599609375 2634.178955078125 2654.458984375 2677.5390625 2661.760009765625 2721.35107421875 2720.9609375 2745.37890625 2673.39892578125 2599.669921875 2498.7099609375 2425.791015625 2350.93994140625 2285.158935546875 2225.260986328125 2167.669921875 2106.669921875 2047.571044921875 1975.6510009765625 1917.1390380859375 1839.9100341796875 1771.3800048828125 1759.5400390625 1759.678955078125 1759.6510009765625 1760.1800537109375 1809.4610595703125 1888.18994140625 1954.25 2038.9300537109375 2102.47900390625 2157.65087890625 2223.56103515625 2274.64892578125 2325.659912109375 2376.260009765625 2429.409912109375 2487.050048828125 2548.070068359375 2625.9599609375 2675.949951171875 2771.819091796875 2746.739990234375 2735.958984375 2697.580078125
2374.9208984375 2412.639892578125 2469.510986328125 2516.659912109375 2550.7109375 2590.320068359375 2652.14111328125 2693.85009765625 2701.660888671875 2735.930908203125 2765.22998046875 2735.881103515625 2794.868896484375 2796.77099609375 2718.569091796875 2637.989013671875 2552.470947265625 2485.06005859375 2416.839111328125 2335.449951171875 2260.830078125 2201.75 2161.781005859375 2102.820068359375 2040.760009765625 1979.56005859375 1928.6090087890625 1853.5699462890625 1782.3900146484375 1759.509033203125 1759.75 1759.7099609375 1759.760009765625 1815.5 1885.4599609375 1984.6700439453125 2046.0999755859375 2117.6689453125 2169.3798828125 2215.47900390625 2260.139892578125 2304.69091796875 2354.821044921875 2416.669921875 2466.219970703125 2534.639892578125 2564.26904296875 2612.110107421875 2660.139892578125 2680.949951171875 2685.22900390625 2665.25
2428.929931640625 2464.740966796875 2531.840087890625 2583.698974609375 2618.131103515625 2678.821044921875 2701.080078125 2790.56103515625 2836.388916015625 2874.111083984375 2860.299072265625 2828.468994140625 2867.4609375 2777.77001953125 2697.069091796875 2616.569091796875 2554.60107421875 2479.77099609375 2408.12109375 2330.279052734375 2273.6298828125 2206.80908203125 2125.739990234375 2068.881103515625 2020.6090087890625 1958.1710205078125 1900.0810546875 1838.800048828125 1803.4599609375 1767.0999755859375 1759.719970703125 1759.43994140625 1760.9090576171875 1831.449951171875 1904.4090576171875 1975.47998046875 2060.14892578125 2109.529052734375 2160.59912109375 2202.5 2242.7509765625 2289.529052734375 2356.200927734375 2419.680908203125 2461.64990234375 2516.73095703125 2573.199951171875 2613.909912109375 2631.81005859375 2645.969970703125 2634.10009765625 2620.87890625
2487 2541.64990234375 2638.10107421875 2692.55908203125 2701.660888671875 2754.5009765625 2828.169921875 2857.5791015625 2845.81005859375 2847.9189453125 2879.27099609375 2922.8701171875 2892.112060546875 2804.9609375 2705.37109375 2629.409912109375 2568.02001953125 2499.77001953125 2433.77099609375 2374.669921875 2297.321044921875 2211.360107421875 2144.219970703125 2088.429931640625 2032.3809814453125 1959.8809814453125 1885.52099609375 1834.029052734375 1793.3299560546875 1761.6800537109375 1759.6689453125 1759.739990234375 1759.6689453125 1851.75 1938.97998046875 1998.72998046875 2068.5400390625 2129.7509765625 2177.64990234375 2221.60107421875 2252.68994140625 2334.60888671875 2376.8701171875 2413.1298828125 2442.041015625 2485.1201171875 2541.40087890625 2598.73095703125 2638.800048828125 2638.010986328125 2614.35009765625 2616.589111328125
2580.341064453125 2673.030029296875 2738.5810546875 2792.801025390625 2769.158935546875 2828.158935546875 2829.820068359375 2799.3291015625 2773.1298828125 2782.2509765625 2800.7900390625 2841.60009765625 2853.02099609375 2838.59912109375 2750.219970703125 2683.300048828125 2614.090087890625 2534.6298828125 2457.429931640625 2397.179931640625 2323.208984375 2244.139892578125 2163.89990234375 2098.2099609375 2044.3909912109375 1964.530029296875 1889.0389404296875 1813.8800048828125 1775.2889404296875 1759.7509765625 1759.7900390625 1759.68994140625 1777.469970703125 1836.43994140625 1931.9200439453125 1998.7099609375 2070.610107421875 2130.8798828125 2215.139892578125 2245.529052734375 2280.98095703125 2321.8701171875 2386.47900390625 2435.60888671875 2443.989990234375 2486.969970703125 2529.050048828125 2584.6298828125 2606.889892578125 2615.428955078125 2611.8291015625 2618.7109375
2653.779052734375 2785.760009765625 2853.708984375 2882.928955078125 2864.930908203125 2875.87109375 2780.639892578125 2730.239990234375 2726.679931640625 2717.25 2725.739990234375 2752.6201171875 2773.969970703125 2777.428955078125 2750.8701171875 2697.10009765625 2640.550048828125 2565.989990234375 2470.158935546875 2404.90087890625 2357.2900390625 2275.1201171875 2217.469970703125 2163.7099609375 2086.27001953125 2028.010009765625 1925.1099853515625 1826.6290283203125 1773.6710205078125 1759.81005859375 1759.72998046875 1759.760009765625 1764.72998046875 1824.8499755859375 1932.8189697265625 2017.18994140625 2092.800048828125 2165.050048828125 2221.718994140625 2268.4189453125 2310.85009765625 2359.199951171875 2402.43994140625 2448.739990234375 2474.10107421875 2517.739990234375 2552.571044921875 2574.44091796875 2593.18896484375 2615.341064453125 2636.739990234375 2657.97900390625
2735.09912109375 2816.260009765625 2872.0009765625 2892.2099609375 2924.31005859375 2837.81005859375 2761 2727.138916015625 2719.889892578125 2709.89990234375 2700.60009765625 2692.301025390625 2685.330078125 2681.93896484375 2672.489990234375 2634.62890625 2593.1298828125 2550.159912109375 2484.301025390625 2427.260009765625 2366.720947265625 2303.409912109375 2256.10009765625 2191.610107421875 2109.820068359375 2036.3399658203125 1954.31005859375 1842.969970703125 1776.051025390625 1759.739990234375 1759.76904296875 1759.470947265625 1766.928955078125 1839.4300537109375 1928.3199462890625 2020.52001953125 2108.080078125 2174.52001953125 2233.430908203125 2292.138916015625 2352.930908203125 2402.881103515625 2451.680908203125 2488.85888671875 2529.080078125 2554.15087890625 2562.830078125 2578.970947265625 2603.85107421875 2635.698974609375 2671.071044921875 2701.341064453125
2725.3291015625 2787.969970703125 2874.510009765625 2881.02099609375 2915.7099609375 2853.89990234375 2787.9599609375 2742.541015625 2705.64990234375 2690.72998046875 2659.990966796875 2660.1201171875 2668.010009765625 2628.428955078125 2616.18994140625 2591.199951171875 2546.97998046875 2502.049072265625 2473.781005859375 2430.68896484375 2367.739990234375 2326.3701171875 2271.139892578125 2186.510009765625 2100.1201171875 2036.93896484375 1936.8800048828125 1839.43896484375 1788.260009765625 1759.7509765625 1759.7900390625 1759.530029296875 1778.8599853515625 1832.93896484375 1939.821044921875 2004.1090087890625 2088.110107421875 2163.6689453125 2232.85009765625 2333.300048828125 2403.31005859375 2488.97900390625 2513.489990234375 2556.260009765625 2631.529052734375 2613.01904296875 2609.10888671875 2606.43896484375 2623.1298828125 2654.14111328125 2700.0810546875 2748.0390625
2785.550048828125 2882.301025390625 2918.6298828125 2905.320068359375 2950.10009765625 2891.93994140625 2832.550048828125 2761.419921875 2703.330078125 2670.291015625 2648.89990234375 2639.989990234375 2638.679931640625 2606.7099609375 2594.0400390625 2569.041015625 2540.77099609375 2485.590087890625 2445.2490234375 2418.8798828125 2378.699951171875 2342.9189453125 2281.47998046875 2199.60009765625 2116.739990234375 2044.93994140625 1977.2099609375 1867.6409912109375 1791.468994140625 1759.8590087890625 1759.718994140625 1759.550048828125 1779.6600341796875 1833.9610595703125 1915.239990234375 1997.7490234375 2086.429931640625 2177.069091796875 2265.948974609375 2340.781005859375 2452.110107421875 2550.051025390625 2628.381103515625 2671.610107421875 2710.428955078125 2683.169921875 2672.010009765625 2667.208984375 2665.97998046875 2696.341064453125 2732.570068359375 2787.68896484375
2845.02001953125 2913.8310546875 2952.47900390625 2941.8310546875 2982.22900390625 2944.179931640625 2873.68896484375 2789.930908203125 2723.14111328125 2676.280029296875 2645.449951171875 2621.929931640625 2613.030029296875 2583.85107421875 2556.080078125 2544.280029296875 2531.739990234375 2484.658935546875 2433.77001953125 2399.739990234375 2384.718994140625 2355.531005859375 2290.81005859375 2220.89892578125 2122.89892578125 2042.3790283203125 1971.8599853515625 1891.208984375 1822.6309814453125 1768.1700439453125 1759.780029296875 1759.5 1776.1099853515625 1838.81103515625 1915.6199951171875 1998.1600341796875 2075.949951171875 2172.139892578125 2271.139892578125 2350.300048828125 2463.090087890625 2547.25 2626.279052734375 2706.4189453125 2774.091064453125 2762.580078125 2743.889892578125 2739.291015625 2732.06005859375 2752.14111328125 2792.14111328125 2866.94091796875
2944.929931640625 2973.37890625 2963.77001953125 2948.388916015625 2902.841064453125 2892.780029296875 2892.541015625 2830.341064453125 2751.070068359375 2685.47900390625 2642.550048828125 2621.68896484375 2596.10009765625 2580.698974609375 2548.9208984375 2528.780029296875 2507.43994140625 2493.30908203125 2473.070068359375 2432.719970703125 2385.31103515625 2361.7109375 2328.60107421875 2241.928955078125 2133.09912109375 2048.9990234375 1955.02001953125 1887.780029296875 1824.3399658203125 1774.4599609375 1759.780029296875 1759.449951171875 1788.1600341796875 1854.0999755859375 1921.8800048828125 1985 2060.830078125 2164.781005859375 2285.658935546875 2362.85888671875 2446.208984375 2544.449951171875 2598.158935546875 2658.0810546875 2752.8798828125 2816.8701171875 2831.8701171875 2824.25 2812.89892578125 2843.381103515625 2863.1201171875 2937.360107421875
2888.570068359375 2882.458984375 2881.301025390625 2861.969970703125 2834.31005859375 2810.139892578125 2833.2099609375 2803.97900390625 2789.571044921875 2742.841064453125 2682.87109375 2652.6689453125 2612.77001953125 2593.85009765625 2579.218994140625 2547.89990234375 2517.06103515625 2498.260009765625 2469.69091796875 2418.93994140625 2398.22998046875 2376.550048828125 2316.3310546875 2242.5 2142.179931640625 2062.291015625 1988.3499755859375 1895.0799560546875 1823.56005859375 1773.72998046875 1759.541015625 1774.5789794921875 1804.7490234375 1863.281005859375 1919.801025390625 1987.030029296875 2060.801025390625 2157.239013671875 2271.64892578125 2360.679931640625 2427.091064453125 2481.718994140625 2566.85009765625 2636.800048828125 2710.469970703125 2772.429931640625 2849.3701171875 2860.05908203125 2866.860107421875 2873.3701171875 2888.610107421875 2955.989990234375
2805.56005859375 2798.56103515625 2796.14990234375 2783.14111328125 2755.989990234375 2747.06005859375 2745.4189453125 2728.9189453125 2705.989013671875 2719.590087890625 2744.1689453125 2702.041015625 2662.69091796875 2638.050048828125 2631.5 2631.72998046875 2608.341064453125 2586.069091796875 2524.02001953125 2467.199951171875 2419.260986328125 2386.1201171875 2340.73095703125 2261.820068359375 2177.360107421875 2101.18896484375 1998.8699951171875 1903.1309814453125 1836.531005859375 1776.8509521484375 1762.720947265625 1791.43994140625 1818.8699951171875 1865.470947265625 1908.25 2004.509033203125 2066.3291015625 2163.321044921875 2233.9599609375 2305.47998046875 2374.69091796875 2460.111083984375 2523.041015625 2608.090087890625 2688.720947265625 2780.279052734375 2822.26904296875 2812.0791015625 2810.37109375 2808.050048828125 2856.160888671875 2913.60107421875
2778.660888671875 2773.860107421875 2751.780029296875 2763.419921875 2711.9990234375 2699.30908203125 2700.839111328125 2682.2490234375 2682.87109375 2672.339111328125 2669.070068359375 2696.239990234375 2724.031005859375 2709.510009765625 2690.12890625 2660.47998046875 2621.031005859375 2562.010009765625 2511.618896484375 2461.9189453125 2420.31005859375 2382.760009765625 2315.919921875 2252.89892578125 2174.131103515625 2101.031005859375 1997.3809814453125 1912.0810546875 1849.6500244140625 1760.968994140625 1791.3399658203125 1812.9100341796875 1839.3399658203125 1870.0589599609375 1910.8690185546875 2000.510986328125 2095.541015625 2186.429931640625 2295.2509765625 2365.708984375 2426.049072265625 2498.0009765625 2567.5009765625 2628.571044921875 2716.39990234375 2743.60888671875 2728.801025390625 2729.529052734375 2742.110107421875 2786.02099609375 2831.031005859375 2877.739013671875
2784.93896484375 2782.51904296875 2747.93994140625 2735.37890625 2695.9599609375 2669.6689453125 2664.510009765625 2663.989990234375 2664.51904296875 2656.1298828125 2648.3310546875 2643.14892578125 2655.639892578125 2651.179931640625 2630.39892578125 2611.510986328125 2588.111083984375 2537.80908203125 2490.820068359375 2455.530029296875 2396.760009765625 2364.3701171875 2322.6298828125 2233.37890625 2153.77001953125 2085.47900390625 2003.0899658203125 1955.8990478515625 1854.1300048828125 1805.4090576171875 1763.969970703125 1814.0989990234375 1844.68994140625 1890.2889404296875 1943.31005859375 2013.2099609375 2108.949951171875 2172.679931640625 2244.25 2324.090087890625 2416.3310546875 2504.989990234375 2580.929931640625 2671.589111328125 2705.030029296875 2671.62109375 2661.89990234375 2678.2109375 2714.75 2756.220947265625 2798.580078125 2859.12109375
2797.2900390625 2763.949951171875 2759.4189453125 2718.85107421875 2687.75 2649.111083984375 2636.9208984375 2647.320068359375 2651.388916015625 2635.89990234375 2625.888916015625 2616.958984375 2618.530029296875 2621.510009765625 2593.47998046875 2558.94091796875 2537.198974609375 2489.85009765625 2442.12890625 2412.861083984375 2386.6689453125 2349.631103515625 2307.22998046875 2216.409912109375 2133.950927734375 2073.591064453125 2023.530029296875 1953.719970703125 1848.5 1828.208984375 1829.6400146484375 1773.5689697265625 1859.780029296875 1893.3809814453125 1951.4200439453125 2026.47900390625 2150.52001953125 2259.430908203125 2320.868896484375 2391.300048828125 2467.260009765625 2521.239990234375 2573.260009765625 2603.160888671875 2621.638916015625 2632.4599609375 2631.64892578125 2655.89892578125 2692.1201171875 2728.111083984375 2778.131103515625 2861.429931640625
2811.0400390625 2802.55908203125 2761.868896484375 2721.31005859375 2684.52001953125 2647.051025390625 2623.510009765625 2617.051025390625 2610.080078125 2597.530029296875 2601.47998046875 2584.089111328125 2572.06005859375 2550.091064453125 2526.678955078125 2511.360107421875 2489.5400390625 2450.009033203125 2398.0400390625 2335.0810546875 2316.89892578125 2280.22998046875 2252.18994140625 2185.800048828125 2109.93994140625 2041.928955078125 1974.68994140625 1898.26904296875 1853.31005859375 1868.1600341796875 1879.239990234375 1798.8709716796875 1867.0689697265625 1905.3590087890625 1977.8489990234375 2066.950927734375 2183.760986328125 2298.468994140625 2370.489990234375 2434.9599609375 2470.051025390625 2514.718994140625 2554.110107421875 2573.81103515625 2597.638916015625 2600.25 2613.81005859375 2644.779052734375 2684.5400390625 2769.48095703125 2820.23095703125 2864.801025390625
2879.469970703125 2842.531005859375 2812.22998046875 2763.280029296875 2726.760009765625 2689.5390625 2641.9189453125 2603.89990234375 2586.740966796875 2578.830078125 2573.06005859375 2558.908935546875 2538.948974609375 2509.27001953125 2485.489013671875 2470.449951171875 2430.409912109375 2393.27099609375 2348.178955078125 2298.989990234375 2252.200927734375 2216.178955078125 2178.5 2141.949951171875 2079.62109375 1996.26904296875 1927.56005859375 1893.5 1870.760009765625 1871.8690185546875 1802.279052734375 1818.928955078125 1880.1800537109375 1945.1590576171875 2047.22900390625 2107.18896484375 2217.510986328125 2304.861083984375 2381.030029296875 2423.919921875 2470.541015625 2488.458984375 2523.89990234375 2542.77099609375 2554.81103515625 2571.48095703125 2618.550048828125 2686.948974609375 2741.12890625 2779.12890625 2816.860107421875 2863.429931640625
2965.330078125 2914.7900390625 2870.260009765625 2855.75 2797.840087890625 2765.669921875 2698.070068359375 2630.910888671875 2586.62890625 2560.970947265625 2544.158935546875 2539.571044921875 2514.361083984375 2489.14990234375 2464.68994140625 2432.791015625 2389.330078125 2343.31103515625 2302.8798828125 2264.26904296875 2220.22998046875 2180.31103515625 2149.01904296875 2083.260009765625 2028.3690185546875 1973.8690185546875 1940.6500244140625 1906.219970703125 1917.7900390625 1864.3790283203125 1884.0689697265625 1874.821044921875 1917.5699462890625 1970.8089599609375 2046.93994140625 2120.070068359375 2228.549072265625 2318.0400390625 2365.050048828125 2405.158935546875 2446.12109375 2469.820068359375 2496.510009765625 2510.72998046875 2529.281005859375 2573.5 2623.989990234375 2690.389892578125 2751.139892578125 2776.638916015625 2811.919921875 2870.799072265625
3007.4599609375 2976.10009765625 2956.1201171875 2912.639892578125 2858.06103515625 2816.27001953125 2751.26904296875 2678.861083984375 2617.06005859375 2556.22900390625 2525.97900390625 2521.77001953125 2502.12890625 2471.970947265625 2450.2109375 2395.319091796875 2351.75 2326.800048828125 2310.408935546875 2254.409912109375 2197.55908203125 2151.6689453125 2108.908935546875 2059.791015625 2007.5489501953125 1968.6009521484375 1939.8299560546875 1916.239013671875 1886.8489990234375 1916.27099609375 1924.8909912109375 1908.051025390625 1936.9599609375 1980.3399658203125 2071.840087890625 2158.449951171875 2235.89892578125 2309.589111328125 2357.52099609375 2390.2109375 2416.7099609375 2450.409912109375 2485.739990234375 2498.43994140625 2519.968994140625 2550.389892578125 2612.89892578125 2674.208984375 2749.551025390625 2802.450927734375 2835.60107421875 2889.10009765625
2985.3701171875 3012.030029296875 2980.2099609375 2905.659912109375 2853.72998046875 2818.041015625 2756.7490234375 2701.868896484375 2630.428955078125 2568 2523.041015625 2491.510986328125 2466.93994140625 2441.781005859375 2411.679931640625 2377.050048828125 2335.678955078125 2302.330078125 2295.39111328125 2273.14892578125 2219.34912109375 2177.68896484375 2106.5 2052.590087890625 2012.3699951171875 1966.291015625 1940.280029296875 1918.0789794921875 1876.4300537109375 1885.68994140625 1910.7989501953125 1904.7490234375 1923.43994140625 1975.0489501953125 2064.719970703125 2169.541015625 2227.62890625 2280.679931640625 2341.89892578125 2375.239990234375 2419.1689453125 2448.8310546875 2472.4189453125 2487.591064453125 2512.8701171875 2550.97998046875 2603.10009765625 2659.571044921875 2720.7890625 2807.85107421875 2849.0400390625 2881.529052734375
