input_data/wasim/wasim_run1/input/dem.asc
ncols        135
nrows        130
xllcorner    22597.500000000000
yllcorner    185062.500000000000
cellsize     100.000000000000
NODATA_value  -9999
[rows 46 to 68 of 130, columns 52 to 103 of 135]
2642.60009765625 2638.85009765625 2621.68896484375 2609.56103515625 2569.52099609375 2534.781005859375 2506.080078125 2465.049072265625 2434.448974609375 2410.93896484375 2381.239990234375 2370.919921875 2348.570068359375 2327.658935546875 2318.81005859375 2322.178955078125 2368.7099609375 2427.52099609375 2471.449951171875 2569.52099609375 2608.469970703125 2588.089111328125 2605.448974609375 2596.27099609375 2527.051025390625 2451.6298828125 2406.1298828125 2345.18994140625 2322.19091796875 2283.5791015625 2199.469970703125 2161.12109375 2140.830078125 2099.080078125 2058.31005859375 2063.580078125 2091.118896484375 2150.530029296875 2232.529052734375 2287.010986328125 2336.6708984375 2348.949951171875 2364.93896484375 2393.840087890625 2398.791015625 2404.800048828125 2430.68896484375 2465.89111328125 2496.177978515625 2507.570068359375 2518.760986328125 2537.448974609375
2623.64794921875 2603.969970703125 2596.860107421875 2587.218994140625 2564.200927734375 2535.5 2515.31005859375 2460.031005859375 2450.5390625 2401.549072265625 2403.908935546875 2393.589111328125 2354.041015625 2325.219970703125 2333.240966796875 2351.930908203125 2415.740966796875 2434.72998046875 2525.31005859375 2613.320068359375 2672.888916015625 2669.7900390625 2671.02001953125 2628.62109375 2567.300048828125 2492.510009765625 2455.889892578125 2407.18896484375 2396.531005859375 2332.510986328125 2262.47900390625 2192.889892578125 2165.069091796875 2144.240966796875 2085.97998046875 2066.2890625 2093.80908203125 2151.48095703125 2183.15087890625 2231.958984375 2268.240966796875 2288.820068359375 2317.9599609375 2331.610107421875 2326.9990234375 2346.719970703125 2372.56103515625 2393.818115234375 2420.51904296875 2447.861083984375 2471.680908203125 2503.111083984375
2576.510009765625 2544.029052734375 2533.428955078125 2537.52001953125 2535.429931640625 2517.4990234375 2502.89892578125 2447.760009765625 2413.970947265625 2397.1708984375 2405.6708984375 2391.760986328125 2358.180908203125 2360.361083984375 2369.05908203125 2376.660888671875 2410.8310546875 2459.638916015625 2548.449951171875 2643.718994140625 2721.428955078125 2697.450927734375 2669.159912109375 2654.909912109375 2615.658935546875 2532.071044921875 2489.030029296875 2456.3798828125 2417.85888671875 2364.861083984375 2297.291015625 2228.291015625 2190.8701171875 2161.44091796875 2111.5390625 2065.321044921875 2122.39892578125 2119.9189453125 2157.39892578125 2178.031005859375 2204.35009765625 2239.60009765625 2247.178955078125 2252.98095703125 2263.049072265625 2261.321044921875 2302.928955078125 2331.4990234375 2361.23095703125 2385.3720703125 2401.68994140625 2433.010009765625
2521.0400390625 2497.39892578125 2487.291015625 2486.39794921875 2475.22900390625 2461.2490234375 2440.718994140625 2411.409912109375 2402 2408.75 2434.8291015625 2402.5400390625 2398.02001953125 2398.8310546875 2409.31103515625 2405.490966796875 2452.98095703125 2489.8701171875 2586.9609375 2677.840087890625 2719.18994140625 2678.8310546875 2623.5390625 2596.080078125 2577.18994140625 2551.080078125 2509.800048828125 2482.820068359375 2433.18896484375 2382.2490234375 2329.071044921875 2270.409912109375 2217.239990234375 2183.919921875 2138.510986328125 2110.928955078125 2085.360107421875 2124.071044921875 2138.448974609375 2148.52001953125 2180.550048828125 2191.800048828125 2211.340087890625 2235.35107421875 2255.051025390625 2272.868896484375 2297.908935546875 2325.5 2356.76904296875 2393.2900390625 2409.85888671875 2423.720947265625
2489.59912109375 2475.708984375 2457.2109375 2449.64111328125 2439.739990234375 2429.39892578125 2410.779052734375 2410.029052734375 2433.160888671875 2435.698974609375 2439.14111328125 2433.64892578125 2415.4189453125 2415.75 2430.68994140625 2454.39990234375 2454.14111328125 2528.908935546875 2614.15087890625 2704.60009765625 2711.3701171875 2647.10009765625 2606.760009765625 2571.10009765625 2563.75 2534.220947265625 2520.699951171875 2486.81005859375 2444.929931640625 2398.111083984375 2348.638916015625 2316.050048828125 2267.34912109375 2207.51904296875 2167.85107421875 2129.860107421875 2102.35009765625 2122.428955078125 2143.458984375 2152.160888671875 2159.739990234375 2182.85009765625 2210.360107421875 2236.760009765625 2269.5390625 2288.070068359375 2314.14990234375 2340.14990234375 2371.841064453125 2400.138916015625 2422.159912109375 2439.7490234375
2490.930908203125 2504.341064453125 2493.4599609375 2493.52099609375 2465.6708984375 2449.407958984375 2448.10888671875 2445.071044921875 2467.1220703125 2467.7900390625 2475.18896484375 2463.799072265625 2437.4599609375 2425.02099609375 2427.070068359375 2475.708984375 2481.881103515625 2563.02099609375 2623.5 2719.281005859375 2696.02099609375 2664.089111328125 2644.531005859375 2604.801025390625 2560.698974609375 2560.360107421875 2532.760009765625 2506.60107421875 2476.111083984375 2431.169921875 2379.841064453125 2339.14892578125 2301.47998046875 2248.35107421875 2204.989990234375 2154.22998046875 2127.85009765625 2122.6298828125 2128.610107421875 2154 2161.75 2189.010009765625 2214.861083984375 2236.85107421875 2262.118896484375 2285.339111328125 2311.34912109375 2333.6279296875 2362.909912109375 2392.888916015625 2428.37109375 2453.56103515625
2538.840087890625 2564.52099609375 2563.009033203125 2545.110107421875 2523.801025390625 2521.35888671875 2507.3701171875 2486.458984375 2493.80908203125 2532.4580078125 2506.2509765625 2457.14990234375 2456.35107421875 2440.4599609375 2430.639892578125 2453.5400390625 2520.678955078125 2570.410888671875 2637.2099609375 2737.010986328125 2734.239990234375 2681.041015625 2657.300048828125 2619.84912109375 2595.5 2583.830078125 2542.010009765625 2515.469970703125 2489.489990234375 2448.551025390625 2397.22900390625 2359.60888671875 2334.958984375 2283.281005859375 2223.949951171875 2183.220947265625 2154.279052734375 2146.259033203125 2169.64892578125 2180.31005859375 2171.1298828125 2181.2099609375 2215.5009765625 2243.989013671875 2264.591064453125 2300.59912109375 2333.75 2353.260009765625 2410.697998046875 2442.39892578125 2437.06201171875 2460.7099609375
2605.44091796875 2618.470947265625 2615.09912109375 2600.908935546875 2613.590087890625 2603.62109375 2580.010009765625 2546.490966796875 2570.680908203125 2529.44091796875 2490.341064453125 2466.049072265625 2466.0810546875 2457.62109375 2448.98095703125 2456.387939453125 2503.10009765625 2580.178955078125 2643.85009765625 2730.051025390625 2819.740966796875 2756.708984375 2719.679931640625 2684.389892578125 2660.239990234375 2650.87109375 2619.14990234375 2569.530029296875 2523.868896484375 2486.739990234375 2461.208984375 2419.449951171875 2388.669921875 2330.25 2284.39892578125 2232.341064453125 2200.468994140625 2171.3798828125 2175.160888671875 2180.6298828125 2201.949951171875 2226.3291015625 2247.781005859375 2289.830078125 2341.139892578125 2384.6298828125 2425.779052734375 2436.01904296875 2498.698974609375 2556.291015625 2549.071044921875 2506.409912109375
2702.159912109375 2655.830078125 2646.160888671875 2649.510009765625 2640.39892578125 2651.68994140625 2627.009033203125 2584.10009765625 2549.381103515625 2514.010009765625 2473.388916015625 2466.75 2479.570068359375 2472.970947265625 2468.010986328125 2484.4189453125 2534.0810546875 2582.39990234375 2653.23095703125 2741.02001953125 2843.8291015625 2845.35009765625 2818.259033203125 2776.801025390625 2744.12890625 2739.049072265625 2704.680908203125 2651.0810546875 2581.429931640625 2541.888916015625 2511.970947265625 2474.178955078125 2418.64892578125 2360.580078125 2325.02099609375 2280.60107421875 2246.409912109375 2205.8798828125 2197.320068359375 2209.888916015625 2236.989990234375 2268.409912109375 2325.319091796875 2381.428955078125 2402.139892578125 2438.89990234375 2479.158935546875 2519.60009765625 2591.658935546875 2612.029052734375 2623.419921875 2567.428955078125
2756.909912109375 2735.699951171875 2725.969970703125 2694.8291015625 2637.468994140625 2621.77099609375 2588.281005859375 2565.160888671875 2536.6220703125 2493.218994140625 2467.110107421875 2466.740966796875 2471.5810546875 2492.239013671875 2513.031005859375 2551.31103515625 2536.3720703125 2594.7109375 2663.81005859375 2734.85107421875 2840.3701171875 2835.4189453125 2777.12890625 2766.18994140625 2763.60009765625 2756.779052734375 2702.6298828125 2638.049072265625 2580.989990234375 2547.919921875 2510.759033203125 2467.611083984375 2435.429931640625 2396.321044921875 2346.4189453125 2324.708984375 2285.6298828125 2249.77001953125 2227.449951171875 2256.52099609375 2302.069091796875 2364.868896484375 2441.071044921875 2454.0009765625 2467.320068359375 2489.618896484375 2531.428955078125 2605.40087890625 2655.669921875 2665.489990234375 2672.970947265625 2647.591064453125
2781.3701171875 2759.31103515625 2726.260009765625 2692.840087890625 2647.81103515625 2640.571044921875 2621.381103515625 2572.27001953125 2531.84912109375 2502.239990234375 2489.219970703125 2473.25 2491.989990234375 2554.44091796875 2566.631103515625 2563.569091796875 2544.06103515625 2571.571044921875 2640.44091796875 2718.841064453125 2836.6201171875 2775.75 2734.430908203125 2713.0400390625 2703.37890625 2683.590087890625 2660.279052734375 2612.458984375 2568.739990234375 2534.530029296875 2499.618896484375 2468.860107421875 2432.47998046875 2399.10009765625 2369.169921875 2376.3701171875 2335.7900390625 2284.389892578125 2279.051025390625 2310.319091796875 2366.029052734375 2446.77099609375 2504 2537.159912109375 2539.02001953125 2553.6201171875 2579.469970703125 2636.091064453125 2726.318115234375 2736.10107421875 2717.339111328125 2666.05908203125
2772.718994140625 2728.51904296875 2732.9189453125 2715.510009765625 2682.75 2659.638916015625 2633.659912109375 2592.47998046875 2550.139892578125 2557.18994140625 2584.841064453125 2575.9599609375 2568.169921875 2594.781005859375 2617.6689453125 2582.85888671875 2551.089111328125 2554.3701171875 2624.97998046875 2715.12109375 2810.52099609375 2758.12890625 2708 2683.969970703125 2668.509033203125 2652.801025390625 2631.81005859375 2601.450927734375 2551.280029296875 2505.27099609375 2479.989990234375 2446.239990234375 2434.570068359375 2428.5810546875 2410.968994140625 2393.240966796875 2341.6298828125 2321.198974609375 2340.84912109375 2363.530029296875 2440.62890625 2497.56103515625 2549.43896484375 2593.799072265625 2632.72998046875 2627.208984375 2637.15087890625 2697.31005859375 2780.43798828125 2740.23095703125 2693.740966796875 2663.7109375
2764.930908203125 2754.050048828125 2743.739990234375 2744.169921875 2694.541015625 2659.06005859375 2626.958984375 2588.72998046875 2603.2490234375 2611.80908203125 2607.281005859375 2606.26904296875 2610.23095703125 2634.02001953125 2669.930908203125 2603.18896484375 2563.820068359375 2581.031005859375 2647.279052734375 2733.550048828125 2827.27001953125 2769.800048828125 2715.530029296875 2658.009033203125 2637.5 2611.43994140625 2577.97998046875 2543.220947265625 2534.64892578125 2498.169921875 2464.240966796875 2456.281005859375 2453.409912109375 2448.3701171875 2463.091064453125 2405.969970703125 2370.699951171875 2385.830078125 2407.30908203125 2446.321044921875 2514.22998046875 2543.549072265625 2615.550048828125 2664.659912109375 2703.260009765625 2774.3701171875 2750.429931640625 2756.718994140625 2800.070068359375 2758.680908203125 2718.368896484375 2680.43994140625
2793.1201171875 2761.169921875 2742.47998046875 2746.340087890625 2702.2109375 2655.428955078125 2617.760009765625 2616.300048828125 2620.52001953125 2636.510009765625 2664.60009765625 2667.700927734375 2668.949951171875 2689.531005859375 2670.6298828125 2610.81005859375 2601.569091796875 2637.47998046875 2681.929931640625 2730.430908203125 2821.62109375 2842.469970703125 2759.8291015625 2661.72998046875 2600.4609375 2575.64111328125 2558.719970703125 2554.5400390625 2519.60009765625 2514.760009765625 2499.381103515625 2488.881103515625 2475.93994140625 2463.541015625 2469.031005859375 2426.429931640625 2415.18994140625 2429.43994140625 2484.909912109375 2525.0400390625 2568.949951171875 2609.169921875 2688.43994140625 2732.570068359375 2794.4990234375 2856.1201171875 2825.60107421875 2801.341064453125 2814.087890625 2777.14990234375 2754.238037109375 2752.1279296875
2792.198974609375 2771.948974609375 2757.589111328125 2740.780029296875 2717.14990234375 2672.89111328125 2651.720947265625 2665.739013671875 2657.990966796875 2677.55908203125 2704.889892578125 2704.169921875 2705.968994140625 2691.368896484375 2652.861083984375 2624.449951171875 2626.35888671875 2640.72998046875 2682.989990234375 2734.908935546875 2843.860107421875 2794.85107421875 2738.5009765625 2657.409912109375 2615.321044921875 2589.279052734375 2588.4599609375 2563.071044921875 2553.429931640625 2566.220947265625 2544.60009765625 2534.510009765625 2501.7900390625 2494.6201171875 2480.14892578125 2440.659912109375 2444.510009765625 2479 2535.388916015625 2565.47998046875 2620.779052734375 2661.23095703125 2763.419921875 2842.7099609375 2911.39990234375 2940.281005859375 2871.62109375 2844.180908203125 2821.44091796875 2812.041015625 2807.071044921875 2806.7900390625
2826.76904296875 2826.81103515625 2805.18994140625 2810.8701171875 2748.320068359375 2711.678955078125 2711.208984375 2697.98095703125 2706.319091796875 2719.821044921875 2771.300048828125 2716.830078125 2710.56005859375 2700.3798828125 2660.428955078125 2646.6689453125 2644.138916015625 2646.330078125 2688.031005859375 2754.071044921875 2850.87890625 2819.821044921875 2744.760009765625 2688.93994140625 2652.239990234375 2651.81103515625 2632.60009765625 2606.89990234375 2609.22998046875 2596.339111328125 2576.2099609375 2560.610107421875 2533.070068359375 2512.35107421875 2481.138916015625 2448.48095703125 2455.139892578125 2513.909912109375 2556.580078125 2597.639892578125 2652.25 2714.030029296875 2843.47998046875 2924.010009765625 2949.178955078125 2877.31005859375 2861.64990234375 2839.991943359375 2836.041015625 2840.970947265625 2832.998046875 2862.318115234375
2893.51904296875 2909.2509765625 2943.89990234375 2849.989013671875 2774.1298828125 2757.708984375 2742.569091796875 2741.069091796875 2744.18896484375 2791.908935546875 2778.47998046875 2731.909912109375 2732.660888671875 2721.87890625 2674.27099609375 2663.93994140625 2653.68994140625 2657.930908203125 2706.569091796875 2784.2490234375 2807.89990234375 2756.678955078125 2732.321044921875 2720.77001953125 2707.659912109375 2705.889892578125 2661.820068359375 2642.089111328125 2630.198974609375 2615.861083984375 2586.030029296875 2582.30908203125 2562.658935546875 2535.85888671875 2498.408935546875 2480.320068359375 2500.698974609375 2556.090087890625 2584.840087890625 2623.031005859375 2688.198974609375 2787.888916015625 2865.14990234375 2958.010009765625 2896.62109375 2881.75 2871.330078125 2857.239990234375 2855.9599609375 2851.510009765625 2856.408935546875 2872.708984375
2995.050048828125 3016.6708984375 2957.029052734375 2848.59912109375 2820.12109375 2793.2890625 2769.468994140625 2770.81005859375 2819.279052734375 2823.928955078125 2769.5400390625 2749.820068359375 2747.0810546875 2711.569091796875 2695.468994140625 2691.14990234375 2681.049072265625 2686.75 2720.449951171875 2787.388916015625 2807.15087890625 2763.699951171875 2734.700927734375 2717.428955078125 2712.830078125 2696.51904296875 2673.7099609375 2663.10888671875 2656.569091796875 2646.010009765625 2616.638916015625 2609.300048828125 2591.368896484375 2575.60009765625 2543.090087890625 2539.409912109375 2520.77001953125 2562.60107421875 2626.72998046875 2637.429931640625 2722.9208984375 2819.0810546875 2899.37890625 2892.301025390625 2875.408935546875 2885.070068359375 2879.090087890625 2870.087890625 2860.64892578125 2849.449951171875 2833.131103515625 2819.779052734375
3084.800048828125 3024.780029296875 2958.739990234375 2893.81103515625 2907.659912109375 2837.469970703125 2802.158935546875 2827.989990234375 2867.669921875 2800.669921875 2758.968994140625 2746.760009765625 2735.9990234375 2713.330078125 2718.841064453125 2715.449951171875 2709.638916015625 2722.080078125 2744.051025390625 2851.2099609375 2852.780029296875 2789.531005859375 2758.429931640625 2723.158935546875 2720.860107421875 2705.239990234375 2689.908935546875 2689.02099609375 2674.860107421875 2670.708984375 2653.320068359375 2643.94091796875 2635.260986328125 2625.948974609375 2621.909912109375 2591.60107421875 2557.780029296875 2591.9609375 2644.669921875 2668.529052734375 2700.39990234375 2772.470947265625 2860.469970703125 2862.041015625 2884.12109375 2889.52001953125 2886.35888671875 2879.991943359375 2872.4208984375 2861.300048828125 2846.8291015625 2832.178955078125
3036.631103515625 3001.60888671875 2927.700927734375 2899.27001953125 2904.62890625 2874.760986328125 2856.68994140625 2885.448974609375 2840.62890625 2783.69091796875 2756.4208984375 2752.680908203125 2731.3310546875 2731.89892578125 2737.85888671875 2737.699951171875 2741.069091796875 2741.470947265625 2767.610107421875 2889.549072265625 2852.409912109375 2806.18896484375 2755.780029296875 2748.60009765625 2744.39990234375 2730.010009765625 2712.3798828125 2705.341064453125 2693.65087890625 2702.68994140625 2699.97900390625 2693.87109375 2682.791015625 2688.950927734375 2713.43994140625 2638.780029296875 2602.821044921875 2642.97998046875 2677.93994140625 2726.5 2747.56103515625 2821.37109375 2862.958984375 2882.051025390625 2889.381103515625 2895.791015625 2895.8798828125 2891.77099609375 2885.90087890625 2878.177978515625 2861.927978515625 2845.68994140625
2979.529052734375 2972.571044921875 2985.77001953125 2955.930908203125 2978.77001953125 2943.631103515625 2891.160888671875 2846.6298828125 2820.139892578125 2808.069091796875 2777.10107421875 2751.090087890625 2743.658935546875 2751.949951171875 2765.410888671875 2771.5400390625 2766.970947265625 2762.679931640625 2797.260986328125 2915.800048828125 2877.43994140625 2823.10009765625 2763.580078125 2775.1298828125 2762.679931640625 2755.62890625 2734.791015625 2721.64990234375 2746.319091796875 2756.3310546875 2754.821044921875 2748.070068359375 2745.760986328125 2763.97998046875 2720.85107421875 2664.409912109375 2657.9599609375 2690.571044921875 2769.968994140625 2816.34912109375 2838.281005859375 2866.740966796875 2893.200927734375 2896.589111328125 2899.489990234375 2905.93994140625 2908.070068359375 2905.092041015625 2901.35888671875 2898.47998046875 2891.751953125 2877.4599609375
2949.660888671875 2925.8310546875 2919.5009765625 2918.8798828125 2918.841064453125 2894.89111328125 2867.4189453125 2847.43896484375 2816.218994140625 2781.5400390625 2780.660888671875 2771.81103515625 2772.051025390625 2784.65087890625 2792.409912109375 2795.158935546875 2790.5791015625 2780.37890625 2825.4599609375 2963.23095703125 2923.77001953125 2861.569091796875 2807.31005859375 2812.3310546875 2788.841064453125 2767.408935546875 2773.7490234375 2788.56005859375 2805.43994140625 2807.510009765625 2810.429931640625 2822.27099609375 2834.800048828125 2823.070068359375 2751.111083984375 2712.14892578125 2721.68994140625 2759.301025390625 2829.669921875 2883.360107421875 2910.570068359375 2905.2099609375 2910.490966796875 2914.1689453125 2914.381103515625 2917.889892578125 2919.260009765625 2916.699951171875 2913.989013671875 2911.199951171875 2909.35107421875 2896.35791015625
2972.909912109375 2942.291015625 2911.910888671875 2895.469970703125 2886.700927734375 2864.64990234375 2843.43994140625 2816.889892578125 2802.659912109375 2801.02001953125 2799.580078125 2789.14990234375 2790.638916015625 2801.138916015625 2809.158935546875 2813.23095703125 2807.179931640625 2802.409912109375 2921.590087890625 2968.02001953125 2965.25 2865.05908203125 2851.3701171875 2831.7900390625 2820.708984375 2822.840087890625 2857.2900390625 2879.7109375 2882.2900390625 2863.489990234375 2873.68994140625 2910.360107421875 2903.7099609375 2868.509033203125 2789.820068359375 2779.9599609375 2793.93896484375 2833.110107421875 2884.989013671875 2909.18994140625 2923.551025390625 2925.0810546875 2929.388916015625 2932.321044921875 2929.610107421875 2928.35009765625 2927.531005859375 2924.162109375 2921.131103515625 2916.5791015625 2911.18798828125 2904.612060546875
