input_data/wasim/wasim_run1/input/dem.asc
ncols        135
nrows        130
xllcorner    22597.500000000000
yllcorner    185062.500000000000
cellsize     100.000000000000
NODATA_value  -9999
[rows 0 to 22 of 130, columns 0 to 51 of 135]
2304.699951171875 2339.59912109375 2375.89990234375 2420.839111328125 2468.631103515625 2526.950927734375 2525.180908203125 2516.0009765625 2500.09912109375 2469.3798828125 2461.59912109375 2454.239990234375 2464.299072265625 2484.59912109375 2503.260009765625 2513.8720703125 2566.409912109375 2601.87890625 2619.8310546875 2638.830078125 2654.718994140625 2691.08203125 2744.85888671875 2795.06005859375 2860.458984375 2952.14990234375 3048.631103515625 3008.0810546875 2914.659912109375 2852.841064453125 2824.429931640625 2810.799072265625 2818.839111328125 2819.639892578125 2794.409912109375 2800.180908203125 2820.98095703125 2807.118896484375 2798.3310546875 2791.419921875 2768.968017578125 2720.5791015625 2693.1298828125 2680.12890625 2660.47900390625 2647.780029296875 2605.799072265625 2569.44091796875 2525.0400390625 2482.64111328125 2405.97998046875 2348.111083984375
2248.070068359375 2280.090087890625 2326.541015625 2394.6298828125 2458.931884765625 2473.220947265625 2465.708984375 2452.09912109375 2432.112060546875 2409.3701171875 2407.4619140625 2403.678955078125 2414.638916015625 2445.52197265625 2471.37109375 2509.580078125 2556.362060546875 2582.41796875 2638.968994140625 2664.3779296875 2689.759033203125 2729.660888671875 2800.799072265625 2852.381103515625 2922.1298828125 3006.98095703125 3042.31005859375 2999.052001953125 2918.087890625 2848.87890625 2814.4990234375 2801.199951171875 2800.448974609375 2796.5419921875 2756.409912109375 2774.830078125 2777.490966796875 2765.298095703125 2758.52099609375 2752.1201171875 2723.708984375 2691.799072265625 2668.881103515625 2662.34912109375 2626.85009765625 2589.19189453125 2556.12890625 2510.93994140625 2470.2890625 2424.051025390625 2368.819091796875 2327.458984375
2186.947998046875 2273.422119140625 2336.65087890625 2382.407958984375 2415.60888671875 2417.572021484375 2398.5400390625 2387.841064453125 2365.27001953125 2357.55810546875 2356.541015625 2361.867919921875 2375.791015625 2402.341064453125 2450.580078125 2520.39111328125 2527.780029296875 2652.989013671875 2679.75 2694.220947265625 2727.251953125 2745.12109375 2773.73193359375 2854.19091796875 2911.06005859375 2986.111083984375 2981.35888671875 2928.658935546875 2893.430908203125 2813.339111328125 2768.010009765625 2780.7890625 2790.820068359375 2767.64111328125 2730.281005859375 2737.010986328125 2734.25 2735.700927734375 2724.56005859375 2712.0791015625 2699.389892578125 2651.47998046875 2632.3701171875 2625.1298828125 2602.551025390625 2555.22998046875 2509.239990234375 2463.618896484375 2416.760986328125 2379.30908203125 2344.489990234375 2335.22900390625
2153.910888671875 2224.44091796875 2293.19091796875 2333.169921875 2354.611083984375 2350.118896484375 2328.408935546875 2317.219970703125 2308.85107421875 2317.669921875 2324.75 2347.7099609375 2358.1220703125 2379.64990234375 2420.14111328125 2456.208984375 2487.97900390625 2558.919921875 2580.0009765625 2617.258056640625 2639.248046875 2687.18896484375 2741.839111328125 2832.618896484375 2875.14794921875 2953.429931640625 2931.44091796875 2876.77099609375 2850.219970703125 2802.489990234375 2752.382080078125 2753.929931640625 2773.131103515625 2755.18994140625 2734.7490234375 2720.760009765625 2717.37109375 2696.049072265625 2695.10009765625 2681.610107421875 2652.39794921875 2615.9599609375 2597.5810546875 2588.7490234375 2581.83203125 2523.31005859375 2475.89892578125 2424.368896484375 2380.551025390625 2365.34912109375 2358.010009765625 2358.14892578125
2120.030029296875 2186.6279296875 2251.570068359375 2281.35107421875 2292.319091796875 2275.84912109375 2271.89892578125 2264.368896484375 2280.740966796875 2297.341064453125 2315.700927734375 2335.40087890625 2353.2080078125 2382.7900390625 2412.18994140625 2437.947998046875 2472.47900390625 2508.471923828125 2558.37890625 2598.9208984375 2641.360107421875 2684.950927734375 2739.800048828125 2816.181884765625 2855.159912109375 2909.070068359375 2907.889892578125 2857.1708984375 2829.62109375 2808.781005859375 2765.791015625 2745.208984375 2756.279052734375 2737.72900390625 2730.861083984375 2718.320068359375 2704.990966796875 2687.910888671875 2686.7109375 2663.468994140625 2604.44091796875 2570.37890625 2555.40087890625 2539.678955078125 2516.56005859375 2477.9609375 2432.339111328125 2385.658935546875 2385.55908203125 2391.680908203125 2384.800048828125 2401.139892578125
2098.87890625 2151.427978515625 2181.14794921875 2200.08203125 2204.700927734375 2213.89111328125 2220.159912109375 2248.491943359375 2275.208984375 2310.19091796875 2343.861083984375 2371.27001953125 2394.35009765625 2430.7490234375 2471.298095703125 2486.2890625 2503.419921875 2508.169921875 2556.820068359375 2602.27099609375 2652.5419921875 2704.85791015625 2757.498046875 2817.239013671875 2886.9189453125 2928.529052734375 2915.25 2857.220947265625 2810.62109375 2788.708984375 2766.678955078125 2755.4990234375 2736.85107421875 2724.510009765625 2723.830078125 2715.260009765625 2703.93798828125 2687.930908203125 2676.639892578125 2667.888916015625 2640.2490234375 2591.218994140625 2537.320068359375 2520.7900390625 2489.239013671875 2437.739013671875 2397.071044921875 2402.677978515625 2416.570068359375 2426.708984375 2431.2509765625 2459.071044921875
2066.9189453125 2091.320068359375 2106.8310546875 2125.861083984375 2125.1298828125 2171.10888671875 2229.281005859375 2254.530029296875 2287.10107421875 2327.87109375 2380.19091796875 2415.35107421875 2453.760986328125 2493.12890625 2554.990966796875 2526.5400390625 2526.781005859375 2538.87890625 2597.18896484375 2656.138916015625 2709.470947265625 2739.220947265625 2796.10009765625 2853.158935546875 2927.260009765625 2990.33203125 2930.91796875 2857.89990234375 2803.7509765625 2764.680908203125 2761.049072265625 2748.930908203125 2740.322021484375 2724.3291015625 2729.26904296875 2719.34912109375 2690.511962890625 2681.097900390625 2674.81005859375 2661.031005859375 2646.010009765625 2589.740966796875 2538.739990234375 2498.071044921875 2460.47998046875 2441.3291015625 2427.2099609375 2420.720947265625 2450.2509765625 2471.6201171875 2475.679931640625 2519.02001953125
2003.73095703125 2002.3509521484375 2029.279052734375 2092.950927734375 2139.091064453125 2197.779052734375 2231.240966796875 2274.819091796875 2330.470947265625 2389.010986328125 2453.660888671875 2468.969970703125 2509.34912109375 2561.050048828125 2614.260986328125 2569.77099609375 2553.419921875 2567.14892578125 2628.14990234375 2692.618896484375 2714.839111328125 2748.3291015625 2837.43994140625 2901.44091796875 2969.60107421875 2993.301025390625 2915.339111328125 2876.10888671875 2828.300048828125 2774.050048828125 2761.23095703125 2752.5810546875 2712.929931640625 2708.300048828125 2709.9990234375 2702.51806640625 2671.510009765625 2648.27197265625 2638.637939453125 2629.862060546875 2609.137939453125 2570.2509765625 2521.112060546875 2474.591064453125 2465.698974609375 2450.0009765625 2435.968017578125 2445.470947265625 2462.450927734375 2509.448974609375 2537.68994140625 2612
1937.6309814453125 1995.958984375 2057.090087890625 2107.39892578125 2160.89111328125 2215.868896484375 2260.39892578125 2327.14892578125 2385.5009765625 2449.428955078125 2505.639892578125 2558.89111328125 2565.77099609375 2624.10009765625 2681.928955078125 2614.1201171875 2599.160888671875 2597.89892578125 2652.37890625 2726.009033203125 2739.56005859375 2765.9599609375 2880.360107421875 2977.27099609375 3033.7900390625 2985.489013671875 2945.02197265625 2904.718994140625 2875.0810546875 2833.3701171875 2784.72998046875 2732.408935546875 2699.60107421875 2684.510009765625 2683.781005859375 2676.239990234375 2654.410888671875 2626.1220703125 2597.66796875 2575.868896484375 2548.89794921875 2522.970947265625 2485.1298828125 2491.072021484375 2472.34912109375 2465.180908203125 2464.131103515625 2489.219970703125 2505.4208984375 2546.8798828125 2589.111083984375 2650.7509765625
1940.2099609375 1998.7110595703125 2068.139892578125 2125.760986328125 2176.12109375 2234.928955078125 2310.22998046875 2355.720947265625 2433.368896484375 2507.64892578125 2570.73095703125 2638.410888671875 2651.7109375 2693.8701171875 2727.529052734375 2666.62109375 2642.8310546875 2636.4599609375 2675.760986328125 2764.051025390625 2776.84912109375 2802.910888671875 2881.299072265625 2943.760009765625 3087.77197265625 3041.3779296875 2950.81103515625 2897.908935546875 2858.56005859375 2805.65087890625 2780.248046875 2745.23095703125 2703.970947265625 2660.300048828125 2649.951904296875 2649.928955078125 2629.73095703125 2600.0419921875 2573.30908203125 2546.450927734375 2522.347900390625 2525.618896484375 2510.610107421875 2506.15087890625 2502.35205078125 2488.5390625 2525.031005859375 2555.949951171875 2565.407958984375 2631.958984375 2668.1298828125 2676.97998046875
1907.7989501953125 1958.448974609375 2061.52099609375 2166.1708984375 2233.81201171875 2280.968994140625 2353.699951171875 2427.87109375 2472.9599609375 2537.6708984375 2613.6298828125 2670.14892578125 2722.801025390625 2740.01904296875 2720.7900390625 2684.31005859375 2669.77099609375 2679.18994140625 2721.4208984375 2809.6708984375 2783.43994140625 2805.5 2884.419921875 2993.7509765625 3085.77099609375 3021.281005859375 2935.68994140625 2855.85888671875 2810.720947265625 2787.489990234375 2782.5390625 2759.669921875 2690.162109375 2643.1201171875 2629.31005859375 2644.591064453125 2639.87890625 2616.4580078125 2575.85009765625 2543.26904296875 2547.44091796875 2542.81103515625 2537.3310546875 2532.51806640625 2530.779052734375 2538.1279296875 2571.801025390625 2617.6689453125 2628.449951171875 2713.541015625 2761.2109375 2756.60888671875
1867.27099609375 1929.698974609375 2018.9610595703125 2130.89892578125 2259.489990234375 2332.718994140625 2398.819091796875 2447.19091796875 2520.3291015625 2575 2643.610107421875 2707.10009765625 2757.5810546875 2820.699951171875 2750.638916015625 2707.19091796875 2721.77099609375 2721.06201171875 2767.5791015625 2819.2890625 2809.091064453125 2820.919921875 2892.68994140625 2978.2099609375 3073.75 2978.618896484375 2935.9990234375 2861.611083984375 2818.587890625 2791.3310546875 2792.050048828125 2766.81201171875 2729.291015625 2674.180908203125 2652.049072265625 2651.841064453125 2642.638916015625 2628.169921875 2586.969970703125 2553.989990234375 2554.928955078125 2566.968994140625 2577.131103515625 2569.72900390625 2596.320068359375 2588.388916015625 2605.241943359375 2648.718994140625 2666.25 2711.830078125 2787.330078125 2840.658935546875
1844.6109619140625 1897.6590576171875 1971.6309814453125 2091.779052734375 2217.259033203125 2268.699951171875 2328.330078125 2438.111083984375 2487.030029296875 2578.868896484375 2659.12109375 2690.031005859375 2759.718994140625 2834.37109375 2790.10107421875 2745.10009765625 2763.87890625 2777.589111328125 2834.85107421875 2839.509033203125 2818.69091796875 2837.1201171875 2908.60888671875 2990.409912109375 3075.5791015625 3005.35205078125 2926.41796875 2880.550048828125 2853.2099609375 2825.59912109375 2816.5390625 2775.279052734375 2745.802001953125 2710.550048828125 2673.200927734375 2650.85009765625 2659.510986328125 2630.639892578125 2610.1220703125 2585.5390625 2586.2099609375 2597.821044921875 2621.930908203125 2618.589111328125 2627.197998046875 2622.93994140625 2666.7490234375 2701.77001953125 2693.159912109375 2712.9599609375 2813.2099609375 2892.1298828125
1847.470947265625 1879.468994140625 1943.0009765625 2058.51904296875 2138.60205078125 2240.489990234375 2301.240966796875 2371.1708984375 2451.8310546875 2537.97900390625 2576.660888671875 2676.44091796875 2744.801025390625 2826.9189453125 2889.720947265625 2826.97900390625 2822.680908203125 2810.389892578125 2858.569091796875 2865.091064453125 2862.541015625 2893.7109375 2975.868896484375 3032.118896484375 3033.617919921875 3007.347900390625 3005.840087890625 2945.041015625 2921.1689453125 2897.468994140625 2871.06201171875 2837.259033203125 2812.509033203125 2730.7509765625 2715.220947265625 2691.919921875 2683.239990234375 2660.2109375 2633.720947265625 2634.298095703125 2631.448974609375 2647.51904296875 2655.919921875 2657.291015625 2649.031982421875 2674.09912109375 2730.948974609375 2792.091064453125 2753.97802734375 2746.791015625 2802.30908203125 2844.4990234375
1859.7889404296875 1879.93994140625 1920.3590087890625 2013.27001953125 2139.819091796875 2259.541015625 2309.43896484375 2355.889892578125 2433.470947265625 2445.089111328125 2567.489990234375 2650.659912109375 2731.2890625 2816.409912109375 2917.510009765625 2905.93798828125 2882.89111328125 2889.448974609375 2908.85009765625 2886.618896484375 2957.781005859375 3006.580078125 2961.85009765625 2970.861083984375 2948.7099609375 2916.4609375 2920.6220703125 2937.388916015625 2977.657958984375 2975.09912109375 2947.97998046875 2865.0419921875 2792.5419921875 2737.342041015625 2705.669921875 2716.39111328125 2713.73095703125 2712.970947265625 2701.929931640625 2693.1201171875 2690.989013671875 2701.52001953125 2691.4619140625 2681.06103515625 2682.669921875 2722.39990234375 2790.780029296875 2854.178955078125 2838.60009765625 2817.541015625 2857.429931640625 2853.280029296875
1872.1290283203125 1895.9010009765625 1921.3280029296875 1982.3690185546875 2163.60009765625 2255.279052734375 2258.419921875 2284.64794921875 2332.7490234375 2455.989990234375 2586.291015625 2701.2490234375 2784.111083984375 2860.049072265625 2941.509033203125 2985.68896484375 2958.010986328125 2973.678955078125 2948.77099609375 2904.40087890625 2933.15087890625 2926.85888671875 2878.62890625 2876.8291015625 2861.652099609375 2847.469970703125 2842.68994140625 2868.37890625 2899.178955078125 2947.9609375 2975.759033203125 2888.339111328125 2810.66796875 2752.6298828125 2748.052001953125 2719.638916015625 2722.549072265625 2750.320068359375 2756.9580078125 2763.510986328125 2759.47998046875 2752.10107421875 2720.321044921875 2712.010009765625 2719.22900390625 2775.010986328125 2849.35791015625 2905.638916015625 2918.47998046875 2910.530029296875 2908.68994140625 2822.639892578125
1886.3409423828125 1916.8790283203125 1955.219970703125 2001.6409912109375 2074.760986328125 2113.301025390625 2228.44091796875 2327.30908203125 2387.33203125 2490.821044921875 2604.01904296875 2692.81005859375 2767.760009765625 2832.26904296875 2914.10009765625 2994.698974609375 2979.14892578125 2948.10009765625 2904.06005859375 2858.4599609375 2850.2900390625 2835.2109375 2808.110107421875 2805.089111328125 2800.37890625 2792.220947265625 2818.320068359375 2842.39990234375 2845.5400390625 2870.43896484375 2928.050048828125 2954.639892578125 2842.56005859375 2805.248046875 2797.422119140625 2771.47900390625 2785.951904296875 2816.81103515625 2830.34912109375 2787.028076171875 2770.55908203125 2740.050048828125 2735.739990234375 2723.860107421875 2764.360107421875 2834.089111328125 2901.48193359375 2963.97900390625 3009.52001953125 2958.669921875 2882.89990234375 2825.669921875
1895.3389892578125 1922.240966796875 1958.989990234375 1991.050048828125 2093.678955078125 2199.72998046875 2295.571044921875 2383.009033203125 2472.240966796875 2545.60009765625 2614.94091796875 2683.47900390625 2745.93896484375 2827.909912109375 2925.361083984375 2994.39111328125 2951.73095703125 2885.85107421875 2833.1689453125 2793.969970703125 2777.260009765625 2771.239990234375 2761.47998046875 2758.450927734375 2751.56103515625 2764.117919921875 2798.698974609375 2838.741943359375 2846.8701171875 2856.01904296875 2927.070068359375 3008.9609375 2929.68896484375 2871.319091796875 2869.489990234375 2856.030029296875 2874.80908203125 2851.10205078125 2816.948974609375 2788.131103515625 2763.25 2757.7109375 2755.87109375 2770.450927734375 2830.759033203125 2880.051025390625 2968.52099609375 3006.218994140625 3027.281982421875 2952.639892578125 2877.489990234375 2826.22998046875
1948.81005859375 1936.8089599609375 1947.4510498046875 1993.739013671875 2089 2177.35888671875 2299.9990234375 2420.0390625 2492.22900390625 2589.52001953125 2666.760009765625 2742.550048828125 2814.381103515625 2871.1708984375 2934.571044921875 2933.948974609375 2927.52099609375 2868.908935546875 2783.430908203125 2756.10107421875 2737.612060546875 2726.87890625 2728.410888671875 2714.448974609375 2721.6689453125 2765.428955078125 2799.85009765625 2836.52099609375 2859.907958984375 2892.090087890625 2908.80908203125 2960.89111328125 3006.339111328125 2962.39990234375 2964.239990234375 2938.699951171875 2853.2099609375 2828.3779296875 2804.23095703125 2797.820068359375 2794.4189453125 2808.381103515625 2806.85009765625 2830.7099609375 2899.469970703125 2929.1708984375 2998.300048828125 3086.531005859375 3052.888916015625 2975.320068359375 2906.050048828125 2844.62109375
2004.5009765625 1983.8310546875 1972.8990478515625 2024.708984375 2096.89892578125 2168.47900390625 2358.820068359375 2436.341064453125 2492.4609375 2583.089111328125 2622.321044921875 2711.7490234375 2754.361083984375 2819.240966796875 2852.16796875 2853.62109375 2878.010009765625 2813.68896484375 2784.56103515625 2738.909912109375 2720.300048828125 2707.759033203125 2710.9208984375 2697.739013671875 2690.989013671875 2756.76806640625 2790.719970703125 2804.589111328125 2868.90087890625 2941.259033203125 2937.44091796875 2965.919921875 2996.821044921875 3070.2109375 3030.76904296875 2932.509033203125 2877.87109375 2847.659912109375 2840.3291015625 2839.029052734375 2832.40087890625 2860.080078125 2907.910888671875 2891.139892578125 2939.509033203125 2960.708984375 2977.7509765625 3084.550048828125 3098.02001953125 3019.989990234375 2941.52099609375 2888.179931640625
2064.680908203125 2039.93896484375 2030.3609619140625 2072.7490234375 2110.2890625 2180.430908203125 2326.72900390625 2389.080078125 2466.510986328125 2512.340087890625 2594.197998046875 2631.739013671875 2693.410888671875 2761.541015625 2788.47900390625 2764.93896484375 2810.862060546875 2784.570068359375 2732.06005859375 2711.198974609375 2685.34912109375 2670.10107421875 2682.881103515625 2682.319091796875 2703.448974609375 2749.631103515625 2790.387939453125 2801.98095703125 2850.65087890625 2915.239013671875 2975.610107421875 2986.77001953125 3022.81201171875 3126.5810546875 3035.31005859375 2952.970947265625 2913.72998046875 2876.660888671875 2869.511962890625 2881.700927734375 2931.930908203125 2934.94091796875 3005.4189453125 2993.759033203125 3040.1708984375 3015 3010.489013671875 3071.590087890625 3109.009033203125 3057.419921875 2997.39892578125 2982.300048828125
2117.68994140625 2096.5400390625 2093.3798828125 2096.97998046875 2121.580078125 2192.02099609375 2270.62109375 2311.90087890625 2378.368896484375 2453.64892578125 2519.18994140625 2580.3701171875 2651.7109375 2677.2109375 2724.27001953125 2730.631103515625 2754.080078125 2732.240966796875 2699.720947265625 2674.8701171875 2644.89111328125 2665.72998046875 2669.071044921875 2675.529052734375 2717.56103515625 2754.927978515625 2786.990966796875 2820.64111328125 2852.339111328125 2918.907958984375 2985.197998046875 3017.339111328125 3055.81005859375 3145.840087890625 3080.83203125 3018.882080078125 2965.68896484375 2940.990966796875 2919.14990234375 2939.12109375 2997.01806640625 3049.652099609375 3098.827880859375 3088.087890625 3147.260009765625 3081.3310546875 3002.639892578125 2968.158935546875 2982.947998046875 2985.360107421875 2999.75 2996.43994140625
2176.5009765625 2157.12109375 2150.5390625 2126.137939453125 2126.821044921875 2138.7099609375 2189.091064453125 2240.948974609375 2290.080078125 2355.6298828125 2479.90087890625 2560.388916015625 2576.320068359375 2585.4208984375 2597.1279296875 2614.842041015625 2665.47900390625 2680.33203125 2640.8701171875 2635.590087890625 2652.071044921875 2675.009033203125 2691.64990234375 2700.720947265625 2713.261962890625 2745.80908203125 2803.091064453125 2854.84912109375 2913.468994140625 2991.8291015625 3011.430908203125 3033.361083984375 3115.971923828125 3203.9609375 3159.259033203125 3085.990966796875 3080.387939453125 3087.19091796875 3050.31103515625 3009.300048828125 3120.341064453125 3156.9189453125 3172.360107421875 3154.759033203125 3128.760009765625 3077.5390625 2989.922119140625 2946.60107421875 2934.02099609375 2909.368896484375 2898.09912109375 2918.138916015625
