input_data/wasim/wasim_run1/input/dem.asc
ncols        135
nrows        130
xllcorner    22597.500000000000
yllcorner    185062.500000000000
cellsize     100.000000000000
NODATA_value  -9999
[rows 23 to 45 of 130, columns 0 to 51 of 135]
2231.051025390625 2192.8310546875 2160.341064453125 2141.968994140625 2132.62109375 2141.60107421875 2163.22900390625 2200.14990234375 2254.178955078125 2335.31005859375 2443.118896484375 2477.799072265625 2491.839111328125 2527.37890625 2544.56103515625 2555.180908203125 2596.179931640625 2627.678955078125 2646.469970703125 2661.31103515625 2672.4990234375 2675.97900390625 2687.089111328125 2686.759033203125 2704.861083984375 2807.510009765625 2887.6201171875 2947.93896484375 3067.551025390625 3122.989990234375 3051.14892578125 3046.791015625 3098.322021484375 3173.197998046875 3137.589111328125 3118.347900390625 3116.590087890625 3115.35009765625 3109.5791015625 3102.12109375 3098.56005859375 3082.5009765625 3079.43798828125 3088.27099609375 3044.927978515625 3048.1279296875 2995.62109375 2944.5 2910.89111328125 2860.2099609375 2847.821044921875 2850.110107421875
2271.0009765625 2226.12109375 2199.47900390625 2173.948974609375 2158.470947265625 2147.18896484375 2156.700927734375 2184.781005859375 2223.9609375 2302.31005859375 2382 2413.10009765625 2450.281005859375 2469.2109375 2492.041015625 2552.840087890625 2599.429931640625 2629.218994140625 2644.388916015625 2651.429931640625 2659.2109375 2649.34912109375 2654.010009765625 2663.35888671875 2687.68798828125 2755.169921875 2826.531005859375 2954.948974609375 3053.008056640625 3135.23095703125 3089.458984375 3075.281005859375 3088.531982421875 3136.448974609375 3071.991943359375 3030.98095703125 3037.9208984375 3023.15087890625 3009.888916015625 3024.842041015625 3011.531982421875 2996.5419921875 2998.572021484375 3061.56103515625 3019.909912109375 2998.969970703125 3008.820068359375 2925.31201171875 2893.62890625 2851.990966796875 2848.550048828125 2831.718994140625
2337.62109375 2290.178955078125 2258.7890625 2224.990966796875 2199.1201171875 2168.888916015625 2180.448974609375 2196.779052734375 2204.360107421875 2253.60009765625 2329.049072265625 2370.18896484375 2396.840087890625 2423.18896484375 2462.85888671875 2528.110107421875 2590.069091796875 2622.26904296875 2643.8701171875 2648.319091796875 2640.571044921875 2646.708984375 2666.118896484375 2671.90087890625 2710.34912109375 2746.720947265625 2812.929931640625 2891.89990234375 2996.8798828125 3169.64111328125 3205.60009765625 3121.510986328125 3117.62890625 3111.881103515625 3056.87109375 3013.39111328125 2969.280029296875 2955.508056640625 2946.5791015625 2949.041015625 2958.530029296875 2938.3310546875 2948.5791015625 3011.010009765625 2983.260986328125 2973.09912109375 2992.9990234375 2933.39208984375 2888.529052734375 2861.291015625 2836.139892578125 2816.85009765625
2385.2109375 2347.381103515625 2318.090087890625 2286.010986328125 2266.9599609375 2215.56103515625 2200.889892578125 2204.64990234375 2203.59912109375 2233.739013671875 2279.908935546875 2320.970947265625 2347.780029296875 2392.200927734375 2441.430908203125 2501.321044921875 2591.39794921875 2629.889892578125 2646.388916015625 2647.388916015625 2639.22998046875 2666.340087890625 2727.718994140625 2707.4599609375 2732.1298828125 2764.62109375 2827.01806640625 2919.98095703125 2969.0791015625 3040.071044921875 3121.291015625 3186.31103515625 3164.299072265625 3092.178955078125 3027.591064453125 2980.031005859375 2941.02099609375 2930.720947265625 2917.530029296875 2917.73095703125 2909.912109375 2918.929931640625 2920.819091796875 2963.01806640625 2982.91796875 2959.419921875 2958.611083984375 2943.948974609375 2882.468017578125 2848.159912109375 2817.739990234375 2807.06005859375
2421.388916015625 2413.291015625 2379.169921875 2359.139892578125 2319.31005859375 2283.051025390625 2245.618896484375 2201.158935546875 2205.031005859375 2228.84912109375 2255.68994140625 2297.822021484375 2343.551025390625 2392.47900390625 2459.260986328125 2510.448974609375 2581.139892578125 2622.60107421875 2643.35888671875 2650.81103515625 2657.070068359375 2699.81201171875 2788.60009765625 2748.489013671875 2764.408935546875 2785.951904296875 2868.2490234375 2968.449951171875 3080.700927734375 3095.0400390625 3244.10009765625 3181.888916015625 3129.2109375 3090.551025390625 3016.509033203125 2961.62890625 2925.6279296875 2916.5390625 2903.93994140625 2894.388916015625 2896.76904296875 2905.91796875 2895.718994140625 2895.27197265625 2910.26904296875 2923.591064453125 2935.381103515625 2919.571044921875 2856.208984375 2829.68896484375 2817.18994140625 2791.330078125
2464.679931640625 2450.969970703125 2437.489013671875 2403.448974609375 2372.3701171875 2330.39892578125 2272.300048828125 2216.7900390625 2198.830078125 2212.9208984375 2232.179931640625 2289.638916015625 2344.969970703125 2407.970947265625 2478.157958984375 2540.56201171875 2582.8798828125 2624.069091796875 2662.388916015625 2689.070068359375 2715.739013671875 2783.37109375 2806.450927734375 2779.5009765625 2787.240966796875 2829.552001953125 2952.59912109375 3071.75 3164.10888671875 3233.240966796875 3186.631103515625 3155.239013671875 3119.071044921875 3075.76904296875 3012.659912109375 2961.860107421875 2906.18994140625 2891.912109375 2914.4599609375 2875.970947265625 2867.19091796875 2880.429931640625 2877.801025390625 2866.680908203125 2856.489013671875 2875.051025390625 2892.64208984375 2884.320068359375 2844.110107421875 2803.05908203125 2778.780029296875 2768.929931640625
2470.830078125 2462.050048828125 2462.8798828125 2419.531005859375 2381.260009765625 2342.239990234375 2280.93896484375 2224.679931640625 2199.570068359375 2199.799072265625 2220.489990234375 2273.9580078125 2343.4208984375 2433.8310546875 2500.419921875 2587.68896484375 2639.330078125 2685.050048828125 2713.06005859375 2743.840087890625 2779.990966796875 2865.239013671875 2843.178955078125 2816.37109375 2820.208984375 2858.6708984375 3039.909912109375 3190.94091796875 3219.908935546875 3222.69091796875 3149.9599609375 3122.30810546875 3101.39111328125 3062.10107421875 3001.291015625 2944.220947265625 2895.041015625 2891.94091796875 2889.069091796875 2839.72900390625 2830.069091796875 2849.220947265625 2861.23095703125 2840.89111328125 2848.841064453125 2841.199951171875 2856.552001953125 2843.68896484375 2807.10009765625 2778.8310546875 2758.638916015625 2743.85009765625
2476.591064453125 2466.381103515625 2453.25 2423.2099609375 2382.219970703125 2350.839111328125 2283.64892578125 2221.3701171875 2200.720947265625 2201.56005859375 2224.368896484375 2277.9609375 2352.051025390625 2466.93994140625 2573.37109375 2662.591064453125 2710.8701171875 2763.55908203125 2815.708984375 2816.449951171875 2870.448974609375 2931.239013671875 2907.65087890625 2859.781005859375 2866.680908203125 2914.958984375 3106.97900390625 3232.239013671875 3275.89111328125 3203 3141.719970703125 3111.12890625 3078.77197265625 3045.02099609375 2970.419921875 2935.909912109375 2909.62890625 2893.68798828125 2877.971923828125 2828.489990234375 2821.840087890625 2826.31103515625 2832.569091796875 2835.73193359375 2844.8701171875 2821.94091796875 2803.64990234375 2802.80810546875 2771.169921875 2752.0810546875 2724.0400390625 2684.800048828125
2506.2099609375 2482.64111328125 2452.680908203125 2425.55908203125 2389.259033203125 2350.26904296875 2288.3291015625 2218.989013671875 2202.238037109375 2211.760986328125 2235.611083984375 2293.639892578125 2368.09912109375 2445.9609375 2582.830078125 2662.069091796875 2721.3310546875 2727.718994140625 2770.739013671875 2874.551025390625 2962.669921875 3025.14990234375 2947.281005859375 2925.111083984375 2968.260986328125 3045.77099609375 3228.14794921875 3321.781005859375 3281.989990234375 3203.39111328125 3139.908935546875 3101.89892578125 3053.080078125 3022.9990234375 2982.678955078125 2928.200927734375 2901.340087890625 2882.571044921875 2860.680908203125 2828.219970703125 2823.031982421875 2820.10888671875 2810.4990234375 2808.10888671875 2830.01904296875 2806.77001953125 2771.35888671875 2760.2099609375 2747.7080078125 2701.509033203125 2667.388916015625 2608.658935546875
2531.220947265625 2529 2467.7890625 2417.470947265625 2393.10009765625 2354.2919921875 2289.430908203125 2222.27001953125 2206.840087890625 2232.301025390625 2264.5810546875 2310.52099609375 2420.2509765625 2493.029052734375 2556.8798828125 2608.259033203125 2661.010986328125 2716.030029296875 2769.5791015625 2834.39990234375 2905.2900390625 2998.0400390625 3107.37109375 3044.718994140625 3058.2509765625 3076.968994140625 3189.361083984375 3266.5 3268.1708984375 3204.048095703125 3157.698974609375 3121.81005859375 3061.64794921875 3031.698974609375 3007.05908203125 2943.39990234375 2911.81103515625 2887.580078125 2859.360107421875 2839.791015625 2824.48095703125 2804.199951171875 2791.069091796875 2782.9990234375 2790.778076171875 2782.4208984375 2755.39111328125 2733.1689453125 2700.051025390625 2644.660888671875 2626.81103515625 2572.8701171875
2620.76904296875 2565.070068359375 2504.02099609375 2439.950927734375 2408.27099609375 2355.531005859375 2289.14990234375 2221.6220703125 2215.550048828125 2245.89111328125 2285.60009765625 2334.330078125 2388.112060546875 2462.009033203125 2517.160888671875 2577.9599609375 2636.77099609375 2699.360107421875 2769.77001953125 2865.0791015625 2930.7509765625 3019.839111328125 3096.64990234375 3127.361083984375 3164.5 3131.35107421875 3202.821044921875 3191.080078125 3175.7490234375 3141.361083984375 3128.030029296875 3115.989013671875 3110.02099609375 3058.85009765625 3053.779052734375 3002.949951171875 2978.700927734375 2932.44189453125 2881.51904296875 2852.26904296875 2830.3310546875 2813.830078125 2787.551025390625 2767.2109375 2764.201904296875 2766.090087890625 2747.56005859375 2711.18994140625 2683.657958984375 2645.989990234375 2615.8310546875 2578.05908203125
2544.19091796875 2517.69091796875 2481.927978515625 2442.48095703125 2411.09912109375 2354.56005859375 2284.009033203125 2221.89990234375 2214.860107421875 2239.529052734375 2271.159912109375 2329.27099609375 2414.77099609375 2489.64892578125 2541.60888671875 2602.760009765625 2666.5009765625 2761.820068359375 2797.179931640625 2869.5400390625 2960.458984375 3003.779052734375 3042.19091796875 3043.970947265625 3110.25 3210.198974609375 3138.219970703125 3102.469970703125 3095.658935546875 3079.718994140625 3052.81005859375 3024.1298828125 3017.330078125 3055.339111328125 3037.430908203125 3040.8798828125 3047.819091796875 3002.658935546875 2960.429931640625 2896.1201171875 2858.301025390625 2819.2890625 2786.239990234375 2765.070068359375 2745.75 2733.739990234375 2726.240966796875 2711.830078125 2689.618896484375 2666.388916015625 2630.139892578125 2604.958984375
2521.27001953125 2490.22998046875 2462.779052734375 2440.969970703125 2400.68896484375 2343.87109375 2273.550048828125 2223.180908203125 2213.739013671875 2232.169921875 2272.427978515625 2343.341064453125 2473.220947265625 2567.6201171875 2645.070068359375 2674.110107421875 2740.3310546875 2810.8310546875 2838.08203125 2870.888916015625 2893.589111328125 2942.39794921875 2995.85107421875 3004.239013671875 3062.139892578125 3164.35107421875 3098.4990234375 3087.0009765625 3067.60888671875 3046.458984375 3013.030029296875 2984.159912109375 2976.31103515625 3022.069091796875 3027.239990234375 3001.3310546875 3015.55908203125 3088.3291015625 3020.708984375 2958.10888671875 2914.049072265625 2861.638916015625 2821.029052734375 2770.510986328125 2740.510009765625 2724.34912109375 2723.321044921875 2713.62890625 2721.12109375 2700.659912109375 2673.6220703125 2637.361083984375
2509.450927734375 2472.118896484375 2451.7509765625 2425.0791015625 2399.800048828125 2350.680908203125 2277.930908203125 2220.35009765625 2218.7109375 2254.4189453125 2302.669921875 2362.1201171875 2430.301025390625 2514.550048828125 2608.3798828125 2707.112060546875 2787.339111328125 2839.280029296875 2842.779052734375 2804.679931640625 2841.510009765625 2912.949951171875 2940.72998046875 2980.862060546875 3020.18994140625 3139.7109375 3084.44091796875 3064.43994140625 3040.889892578125 3032.781982421875 3008.1279296875 2978.85009765625 2965.220947265625 2954.23095703125 2975.131103515625 2963 2948.201904296875 3024.02001953125 3047.178955078125 3002.9189453125 2952.8779296875 2906.2900390625 2854.050048828125 2805.5390625 2777.571044921875 2731.589111328125 2740.011962890625 2732.9580078125 2728.948974609375 2751.638916015625 2720.281005859375 2669.87109375
2502.158935546875 2465.2900390625 2443.56201171875 2420.659912109375 2392.760986328125 2353.389892578125 2282.84912109375 2222.59912109375 2215.89892578125 2239.800048828125 2285.3701171875 2349.4599609375 2437.409912109375 2561.468994140625 2620.60888671875 2700.18994140625 2714.340087890625 2749.887939453125 2762.9189453125 2764.490966796875 2805.27099609375 2883.1298828125 2886.1689453125 2937.5 2982.720947265625 3085.39892578125 3056.10009765625 3029.87890625 3013.860107421875 2988.7919921875 2961.779052734375 2946.541015625 2944.3310546875 2908.300048828125 2942.14111328125 2950.080078125 2906.199951171875 2951.89892578125 2988.220947265625 3020.909912109375 2957.7490234375 2910.31005859375 2865.8701171875 2841.739013671875 2816.8291015625 2791.23095703125 2803.819091796875 2798.868896484375 2830.881103515625 2884.35107421875 2799.069091796875 2719.830078125
2502.1708984375 2468.112060546875 2439.2890625 2410.220947265625 2384.93798828125 2355.3720703125 2282.97998046875 2227.388916015625 2219.4580078125 2223.009033203125 2267.489013671875 2353.87890625 2472.509033203125 2577.43896484375 2650.18896484375 2706.4599609375 2669.0419921875 2688.7509765625 2724.65087890625 2729.550048828125 2836.39111328125 2847.679931640625 2870.239990234375 2932.93994140625 2983.97998046875 3082.458984375 3035.458984375 3009.3701171875 2987.950927734375 2963.179931640625 2945.637939453125 2924.14990234375 2898.030029296875 2884.051025390625 2895.62890625 2883.97900390625 2885.570068359375 2900.409912109375 2920.2900390625 2970.01904296875 3006.091064453125 2967.791015625 2913.138916015625 2920.531982421875 2886.81201171875 2873.881103515625 2903.091064453125 2900.720947265625 2985.85107421875 2951.929931640625 2887.35205078125 2751.77001953125
2488.740966796875 2454.56005859375 2422.678955078125 2396.968994140625 2377.110107421875 2331.760986328125 2281.84912109375 2243.031005859375 2224.27099609375 2226.260986328125 2273.330078125 2392.26904296875 2471.071044921875 2523.6279296875 2607.029052734375 2630.799072265625 2634.220947265625 2646.868896484375 2696.719970703125 2719.260009765625 2810.592041015625 2812.4990234375 2862.64111328125 2931.6201171875 3014.5419921875 3092.60107421875 3028.89990234375 2993.610107421875 2965.760009765625 2938.0390625 2943.89794921875 2918.739990234375 2883.199951171875 2865.637939453125 2877.097900390625 2889.47900390625 2872.60791015625 2877.06005859375 2871.888916015625 2899.177978515625 2952.3701171875 2978.9189453125 3001.819091796875 2998.56005859375 3053.4609375 2995.302001953125 3019.94091796875 3072.029052734375 2975.830078125 2943.4609375 2939.260986328125 2869.469970703125
2456.611083984375 2441.138916015625 2412.98095703125 2399.2890625 2382.2099609375 2352.948974609375 2293.259033203125 2247.718994140625 2230.09912109375 2241.138916015625 2283.19091796875 2348.93896484375 2430.22998046875 2492.39990234375 2550.860107421875 2583.43994140625 2593.83203125 2606.131103515625 2646.85888671875 2718.969970703125 2786.4599609375 2782.2900390625 2822.490966796875 2957.60888671875 3034.10009765625 3105.09912109375 3022.680908203125 2966.31005859375 2946.4619140625 2915.010986328125 2909.8291015625 2894.639892578125 2853.9599609375 2846.4609375 2849.861083984375 2862.7080078125 2859.111083984375 2864.801025390625 2823.889892578125 2844.568115234375 2899.47900390625 2966.072021484375 3042.19091796875 3075.27099609375 2988.069091796875 2934.658935546875 2940.830078125 2988.72900390625 2911.801025390625 2853.239990234375 2839.1201171875 2860.010009765625
2492.4609375 2478.64990234375 2449.408935546875 2421.56103515625 2393.1279296875 2369.489013671875 2314.381103515625 2267.510986328125 2245.239013671875 2249.200927734375 2282.739990234375 2332.56005859375 2399.889892578125 2460.360107421875 2532.408935546875 2548.638916015625 2588.699951171875 2617.64990234375 2621.5390625 2689.339111328125 2757.18994140625 2778.7109375 2819.908935546875 2872.60107421875 2958.839111328125 3054.59912109375 3001.0400390625 2966.072021484375 2928.12109375 2903.470947265625 2889.610107421875 2877.759033203125 2859.618896484375 2838.89892578125 2837.39111328125 2835.7890625 2835 2794.4208984375 2792.51806640625 2804.26904296875 2845.489013671875 2910.26806640625 2994.73095703125 3073.118896484375 2987.760986328125 2930.7080078125 2908.60107421875 2879.4189453125 2822.429931640625 2801.64990234375 2793.071044921875 2788.89111328125
2559.2509765625 2544.65087890625 2510.489013671875 2476.739013671875 2418.5 2388.5400390625 2342.60888671875 2310.821044921875 2281.7109375 2276.110107421875 2291.799072265625 2326.009033203125 2374.72900390625 2482.549072265625 2554.34912109375 2546.85888671875 2588.0419921875 2622.9609375 2651.330078125 2686.98095703125 2736.35888671875 2781.94091796875 2832.4990234375 2892.118896484375 2953.760009765625 3048.01904296875 2988.152099609375 2937.200927734375 2921.860107421875 2899.01904296875 2879.751953125 2868.6201171875 2860.85107421875 2842.699951171875 2834.719970703125 2832.927978515625 2811.989990234375 2784.679931640625 2776.200927734375 2779.259033203125 2804.259033203125 2853.430908203125 2914.48193359375 2957.37890625 2960.429931640625 3022.718994140625 2949.281005859375 2887.62109375 2823.27001953125 2776.550048828125 2764.381103515625 2759.06103515625
2614.320068359375 2586.718994140625 2560.631103515625 2527.291015625 2454.83203125 2414.179931640625 2362.18994140625 2340.470947265625 2332.929931640625 2314.64892578125 2301.861083984375 2337.179931640625 2391.169921875 2506.85888671875 2538.631103515625 2578.409912109375 2645.881103515625 2670.68994140625 2683.39892578125 2728.708984375 2753.030029296875 2799.199951171875 2875.658935546875 2937.05908203125 3021.697998046875 3092.7080078125 3025.510009765625 2936.39892578125 2913.1708984375 2887.760009765625 2874.80810546875 2870.6708984375 2860.158935546875 2853.658935546875 2848.919921875 2824.360107421875 2805.4208984375 2802.05908203125 2777.779052734375 2751.0810546875 2770.259033203125 2803.220947265625 2840.1298828125 2875.2890625 2894.048095703125 2923.91796875 2964.89892578125 2940.27001953125 2827.69091796875 2784.89111328125 2756.18896484375 2769
2646.779052734375 2653.25 2637.861083984375 2553.090087890625 2489.660888671875 2427.12109375 2394.428955078125 2379.10107421875 2375.428955078125 2372.799072265625 2339.5419921875 2345.260986328125 2403.52001953125 2487.64794921875 2530.339111328125 2587.5400390625 2685.840087890625 2745.4208984375 2781.759033203125 2798.791015625 2813.64892578125 2860.091064453125 2915.570068359375 2977.14794921875 2996.12109375 2996.639892578125 3037.15087890625 2947.22900390625 2910.198974609375 2891.7099609375 2879.821044921875 2870.2490234375 2858.070068359375 2856.159912109375 2851.60107421875 2843.01904296875 2825.158935546875 2809.10791015625 2781.458984375 2739.06005859375 2728.198974609375 2757.2109375 2773.8798828125 2804.591064453125 2812.779052734375 2845.449951171875 2856.93798828125 2843.39892578125 2824.799072265625 2777.510009765625 2762.118896484375 2751.220947265625
2710.799072265625 2737.94091796875 2683.429931640625 2582.239013671875 2510.958984375 2480.27001953125 2491.64892578125 2459.1708984375 2421.458984375 2421.387939453125 2379.14794921875 2348.468994140625 2384.341064453125 2437.968994140625 2483.299072265625 2599.94091796875 2690.948974609375 2704.510009765625 2771.7509765625 2867.2490234375 2914.0810546875 2871.860107421875 2879.05908203125 2899.30908203125 2907.87109375 2921.430908203125 2974.681884765625 2976.529052734375 2923.590087890625 2897.02001953125 2883.39111328125 2871.698974609375 2858.239013671875 2861.389892578125 2834.360107421875 2828.300048828125 2813.718994140625 2805.14111328125 2804.469970703125 2741.9208984375 2713.2509765625 2716.969970703125 2725.39990234375 2745.02099609375 2752.5791015625 2776.080078125 2775.657958984375 2770.31103515625 2799.868896484375 2758.868896484375 2729.569091796875 2708.6201171875
